   h    k    l      d (Å)      F(real)      F(imag)          |F|         2θ          I    M ID(λ) Phase
   1    0    0   7.632801  -173.436269   -20.674652      174.664   11.58421   35.80840    6     1     1
   0    0    2   7.603800    -6.462906    -5.056151      8.20572   11.62855    0.02614    2     1     1
   1    0    1   6.821773  -229.418878   -30.017834      231.374   12.96703  100.00000   12     1     1
   1    0    2   5.386923  -104.077216   -15.936496       105.29   16.44224   12.76588   12     1     1
   1    1    0   4.406800   147.386147     9.170187      147.671   20.13372    8.27726    6     1     1
   1    0    3   4.222760  -104.918595   -10.047862      105.399   21.02097    7.71246   12     1     1
   2    0    0   3.816401   -29.596692    -6.101680      30.2191   23.28898    0.25609    6     1     1
   1    1    2   3.812760    24.091996     4.435766      24.4969   23.31153    0.33589   12     1     1
   0    0    4   3.801900   197.820488    30.859136      200.213   23.37905    3.71694    2     1     1
   2    0    1   3.701620   -71.425355   -11.620792      72.3645   24.02172    2.75262   12     1     1
   2    0    2   3.410887   327.867530    42.174332      330.569   26.10393   48.22492   12     1     1
   1    0    4   3.403105    97.457933    12.047667      98.1998   26.16468    4.23483   12     1     1
   2    0    3   3.048929   359.636066    48.880908      362.943   29.26816   45.59105   12     1     1
   2    1    0   2.884928  -128.931784   -16.365610      129.966   30.97251    5.17802   12     1     1
   1    1    4   2.878649  -381.779440   -50.180256      385.063   31.04177   45.23543   12     1     1
   2    1    1   2.834378  -190.982637   -26.676314      192.837   31.53914   21.92584   24     1     1
   1    0    5   2.825459    68.215594     7.360092      68.6115   31.64130    1.37820   12     1     1
   2    1    2   2.697315   -91.648695   -14.455146      92.7817   33.18692    4.54642   24     1     1
   2    0    4   2.693461   184.312630    22.319690      185.659   33.23578    9.07324   12     1     1
   3    0    0   2.544267   149.544276    14.876849      150.282   35.24663    2.61544    6     1     1
   0    0    6   2.534600   -70.202397   -13.236715      71.4394   35.38549    0.19532    2     1     1
   3    0    1   2.509390    14.409896     2.174140       14.573   35.75291    0.04768   12     1     1
   2    1    3   2.507320  -109.404180   -12.406501      110.105   35.78343    5.43297   24     1     1
   3    0    2   2.412782    27.251442     4.762052      27.6644   37.23594    0.15713   12     1     1
   1    0    6   2.405445   -58.653870    -9.000196      59.3404   37.35371    0.71797   12     1     1
   2    0    5   2.378551  -271.562186   -40.397205       274.55   37.79198   14.97873   12     1     1
   2    1    4   2.298185    91.631627    12.675338      92.5042   39.16648    3.14234   24     1     1
   3    0    3   2.273924     5.919818     0.700025      5.96106   39.60172    0.00637   12     1     1
   2    2    0   2.203400   525.683495    75.569721      531.087   40.92503   23.48393    6     1     1
   1    1    6   2.197112   -26.997035    -2.501920      27.1127   41.04742    0.12160   12     1     1
   3    1    0   2.116958  -119.944627   -16.291130      121.046   42.67605    2.22159   12     1     1
   2    2    2   2.116336   -28.498820    -7.386563      29.4405   42.68921    0.13133   12     1     1
   3    0    4   2.114473  -274.236041   -38.884108      276.979   42.72866   11.59997   12     1     1
   2    0    6   2.111380   235.693227    36.212337      238.459   42.79434    8.56827   12     1     1
   3    1    1   2.096741   170.274562    25.501791      172.174   43.10801    8.78840   24     1     1
   2    1    5   2.093122    41.849218     4.126000      42.0521   43.18627    0.52214   24     1     1
   1    0    7   2.089523   205.846431    29.619497      207.967   43.26441    6.35917   12     1     1
   3    1    2   2.039395   -86.089662   -14.007613      87.2218   44.38360    2.11220   24     1     1
   3    1    3   1.953459    64.314926     6.810252      64.6745   46.44768    1.04798   24     1     1
   3    0    5   1.951506    26.921946     4.236149      27.2532   46.49689    0.09282   12     1     1
   4    0    0   1.908200   -54.925401    -8.940041      55.6482   47.61649    0.18334    6     1     1
   2    2    4   1.906380    82.606014    18.080565      84.5616   47.66477    0.84476   12     1     1
   2    1    6   1.904112   -49.198530    -8.338296      49.9001   47.72507    0.58665   24     1     1
   0    0    8   1.900950   454.205063    69.528438      459.496   47.80940    4.12872    2     1     1
   4    0    1   1.893354    26.925464     7.702514      28.0055   48.01326    0.09114   12     1     1
   2    0    7   1.888034    -5.452686     3.468652      6.46246   48.15710    0.00482   12     1     1
   4    0    2   1.850810   176.788458    28.549039      179.079   49.18909    3.52709   12     1     1
   3    1    4   1.849564    66.640168     9.757486      67.3507   49.22443    0.99617   24     1     1
   1    0    8   1.844604  -102.151724   -14.364242      103.157   49.36562    1.16087   12     1     1
   3    0    6   1.795641   -18.142165    -1.592747      18.2119   50.80586    0.03389   12     1     1
   4    0    3   1.785862  -232.325653   -37.139962      235.276   51.10402    5.58121   12     1     1
   3    2    0   1.751085   -92.046547   -13.394485       93.016   52.19459    0.83138   12     1     1
   1    1    8   1.745477    86.778117     9.887551      87.3396   52.37499    0.72727   12     1     1
   3    2    1   1.739591  -124.276108   -19.301234      125.766   52.56576    2.99110   24     1     1
   3    1    5   1.737522   -44.093875    -4.738997      44.3478   52.63313    0.37084   24     1     1
   2    1    7   1.735462   143.732344    21.846712      145.383   52.70044    3.97376   24     1     1
   3    2    2   1.706420   -30.412073    -5.284555      30.8678   53.66847    0.17186   24     1     1
   4    0    4   1.705443   106.653894    14.664695      107.657   53.70168    1.04380   12     1     1
   2    0    8   1.701552   -49.765687    -8.145573      50.4279   53.83437    0.22774   12     1     1
   4    1    0   1.665614    81.922917     9.323991      82.4518   55.09322    0.57764   12     1     1
   2    2    6   1.662893   -65.169864   -12.603457      66.3774   55.19105    0.37286   12     1     1
   4    1    1   1.655713   -10.241248    -1.801908      10.3986   55.45094    0.01811   24     1     1
   3    2    3   1.655118   -61.801688    -7.657478      62.2743   55.47260    0.64884   24     1     1
   3    0    7   1.652152    15.164249     2.347346      15.3449   55.58079    0.01961   12     1     1
   1    0    9   1.649790   -95.531236   -15.461187      96.7743   55.66725    0.77724   12     1     1
   4    1    2   1.627036    21.888818     4.431216      22.3328   56.51505    0.07999   24     1     1
   3    1    6   1.624781   -47.967645    -8.555062      48.7246   56.60057    0.37947   24     1     1
   4    0    5   1.616416   187.266058    31.594832      189.913   56.92009    2.84595   12     1     1
   3    2    4   1.590492    65.729494     9.936191      66.4763   57.93497    0.67009   24     1     1
   2    1    8   1.587335   -80.318888   -11.658635      81.1606   58.06118    0.99394   24     1     1
   4    1    3   1.582384    -3.227941    -0.403527      3.25307   58.26027    0.00158   24     1     1
   2    0    9   1.545065   -33.014922    -8.410846      34.0694   59.80861    0.08193   12     1     1
   5    0    0   1.526560   -58.119840    -8.370071      58.7195   60.60910    0.11812    6     1     1
   4    1    4   1.525628  -209.039813   -33.772808       211.75   60.65004    6.13500   24     1     1
   4    0    6   1.524464   145.073672    25.384743      147.278   60.70119    1.48113   12     1     1
   3    0    8   1.522840    98.428304    13.367429      99.3319   60.77276    0.67198   12     1     1
   0    0   10   1.520760    13.544332    -0.721542      13.5635   60.86471    0.00208    2     1     1
   5    0    1   1.518927    96.428427    15.290535      97.6332   60.94597    0.64509   12     1     1
   3    2    5   1.517549    63.486074     8.892147      64.1058   61.00718    0.55499   24     1     1
   3    1    7   1.516176  -151.692554   -24.779194      153.703   61.06834    3.18335   24     1     1
   5    0    2   1.496696   -23.732495    -4.457919      24.1476   61.95010    0.03806   12     1     1
   1    0   10   1.491445   -59.792326   -10.465100      60.7012   62.19239    0.23841   12     1     1
