   h    k    l      d (Å)      F(real)      F(imag)          |F|         2θ          I    M ID(λ) Phase
   0    0    2  11.226200   -15.654474    -4.184962      16.2042    7.86899    0.14669    2     1     1
   1    0    0   7.658782    11.772989    -1.618740      11.8838   11.54478    0.10928    6     1     1
   1    0    1   7.248666  -266.739732   -33.374425       268.82   12.20038  100.00000   12     1     1
   1    0    2   6.326700   295.894158    41.164261      298.744   13.98660   93.58912   12     1     1
   0    0    4   5.613100    11.300190     6.138021      12.8596   15.77540    0.02261    2     1     1
   1    0    3   5.352761  -113.525606   -18.408544      115.008   16.54791    9.84194   12     1     1
   1    0    4   4.527373   110.312422     7.472700      110.565   19.59215    6.42811   12     1     1
   1    1    0   4.421800   213.355655    13.994757      213.814   20.06471   11.44181    6     1     1
   1    1    2   4.114160    18.878279     3.796191      19.2562   21.58241    0.15956   12     1     1
   1    0    5   3.873741   147.575883    15.505916      148.388   22.93953    8.34483   12     1     1
   2    0    0   3.829391    29.028713     7.812470      30.0616   23.20887    0.16712    6     1     1
   2    0    1   3.774880    -5.662761    -0.978478      5.74668   23.54878    0.01185   12     1     1
   0    0    6   3.742067  -304.576914   -45.759884      307.995   23.75827    5.56811    2     1     1
   2    0    2   3.624333  -186.319678   -27.568320      188.348   24.54186   11.67192   12     1     1
   1    1    4   3.473480   -40.851593    -6.217417       41.322   25.62544    0.51298   12     1     1
   2    0    3   3.409053  -363.609302   -45.242927      366.413   26.11822   38.74627   12     1     1
   1    0    6   3.362200    13.988785     2.237991      14.1667   26.48876    0.05622   12     1     1
   2    0    4   3.163350   542.649295    72.003098      547.405   28.18718   73.57303   12     1     1
   1    0    7   2.958512  -121.459602   -14.171964      122.284   30.18358    3.17211   12     1     1
   2    0    5   2.913763  -377.739930   -48.697254      380.866   30.65843   29.75803   12     1     1
   2    1    0   2.894748   -23.715278    -3.758802      24.0113   30.86482    0.11658   12     1     1
   2    1    1   2.870985  -216.345607   -28.494318      218.214   31.12673   18.91025   24     1     1
   1    1    6   2.856469   554.782354    75.362221      559.878   31.28894   61.55000   12     1     1
   0    0    8   2.806550    54.582443    11.432151      55.7668   31.86013    0.09788    2     1     1
   2    1    2   2.803060   271.288250    37.604704      273.882   31.90086   28.25283   24     1     1
   2    1    3   2.699833  -119.278693   -18.081835      120.641   33.15507    5.04296   24     1     1
   2    0    6   2.676381   -32.903295    -8.017807      33.8661   33.45411    0.19486   12     1     1
   1    0    8   2.635189    61.032415     5.901389      61.3171   33.99280    0.61699   12     1     1
   2    1    4   2.572769   120.597969    12.195347      121.213   34.84358    4.56923   24     1     1
   3    0    0   2.552927   214.218001    23.075177      215.457   35.12316    3.54670    6     1     1
   3    0    1   2.536583   -23.509860    -3.731887      23.8042   35.35692    0.08534   12     1     1
   3    0    2   2.489371    26.315171     4.404098      26.6812   36.05027    0.10275   12     1     1
   2    0    7   2.458895   271.902012    36.641611       274.36   36.51273   10.56447   12     1     1
   2    1    5   2.433023   148.057660    18.590047       149.22   36.91493    6.10142   24     1     1
   3    0    3   2.416222    -2.129891    -0.048594      2.13045   37.18098    0.00061   12     1     1
   1    0    9   2.372044    35.089182     5.285984      35.4851   37.89959    0.16279   12     1     1
   1    1    8   2.369554    44.457520     4.547346      44.6895   37.94094    0.25758   12     1     1
   3    0    4   2.323863   -36.804955    -5.732563      37.2487   38.71634    0.17112   12     1     1
   2    1    6   2.289637    22.150269     4.482960      22.5994   39.31871    0.12174   24     1     1
   2    0    8   2.263687   409.933128    61.547079      414.528   39.78836   19.94616   12     1     1
   0    0   10   2.245240  -113.530815   -19.030564      115.115   40.12924    0.25155    2     1     1
   3    0    5   2.219337    14.532659     1.666002      14.6278   40.61813    0.02372   12     1     1
   2    2    0   2.210900   784.024745   114.753940      792.378   40.78001   34.49723    6     1     1
   2    2    2   2.169233   -19.332645    -6.400128      20.3645   41.59926    0.04359   12     1     1
   1    0   10   2.154564   280.456470    39.737332      283.258   41.89575    8.30088   12     1     1
   2    1    7   2.148978   -94.025167   -11.554679      94.7325   42.00980    1.84564   24     1     1
   3    1    0   2.124164    -6.777397    -2.254419      7.14251   42.52423    0.00510   12     1     1
   3    1    1   2.114721   198.518393    27.810375      200.457   42.72341    7.95787   24     1     1
   3    0    6   2.108900   407.947694    59.025797      412.196   42.84714   16.71528   12     1     1
   2    0    9   2.090275   279.399429    41.694844      282.493   43.24805    7.68848   12     1     1
   3    1    2   2.087131   243.882710    36.007524      246.527   43.31650   11.66913   24     1     1
   2    2    4   2.057080    29.868292     8.097598      30.9465   43.98202    0.08884   12     1     1
   3    1    3   2.043453   102.021061    15.932438      103.258   44.29080    1.94724   24     1     1
   2    1    8   2.014990    32.060293     1.347579      32.0886   44.95035    0.18189   24     1     1
   1    1   10   2.001946   -23.685235    -1.899722      23.7613   45.25939    0.04910   12     1     1
   3    0    7   1.997463    52.469097     8.166781      53.1009   45.36663    0.24391   12     1     1
   3    1    4   1.986668    59.203102     4.796214      59.3971   45.62702    0.60252   24     1     1
   1    0   11   1.972286   221.164970    31.196139      223.354   45.97872    4.18659   12     1     1
   2    0   10   1.936870   -44.101222   -12.883786      45.9446   46.86915    0.16962   12     1     1
   3    1    5   1.920168   -94.379878   -11.969881      95.1359   47.30156    1.42458   24     1     1
   4    0    0   1.914696    44.592109     9.747235       45.645   47.44502    0.08142    6     1     1
   4    0    1   1.907771   -35.213320    -3.445507      35.3815   47.62786    0.09699   12     1     1
   2    2    6   1.903494  -121.521349   -25.940647      124.259   47.74152    1.18988   12     1     1
   2    1    9   1.889765    33.021664     6.433363      33.6425   48.11020    0.17142   24     1     1
   3    0    8   1.888505    29.433353     3.130880      29.5994   48.14433    0.06624   12     1     1
   4    0    2   1.887440   -83.123494   -18.043967      85.0594   48.17321    0.54628   12     1     1
   0    0   12   1.871033   649.389568   102.090536      657.365   48.62281    5.32434    2     1     1
   4    0    3   1.854953   184.990629    29.648956      187.352   49.07196    2.54121   12     1     1
   3    1    6   1.847294    12.306537     2.904525      12.6446   49.28893    0.02292   24     1     1
   1    0   12   1.817581    -2.272477    -1.640390      2.80268   50.14986    0.00054   12     1     1
   4    0    4   1.812167   338.159733    54.430876      342.512   50.31010    8.02516   12     1     1
   2    0   11   1.801232   -41.832046    -3.824067      42.0065   50.63701    0.11894   12     1     1
   3    0    9   1.784254     4.136877     0.473530      4.16389   51.15342    0.00114   12     1     1
   2    1   10   1.774134   187.149162    28.302385      189.277   51.46646    4.65427   24     1     1
   3    1    7   1.771012    85.054016    11.319446      85.8039   51.56387    0.95236   24     1     1
   4    0    5   1.761271   236.164218    35.629296      238.837   51.87017    3.63997   12     1     1
   3    2    0   1.757045    -1.027760    -0.771276      1.28497   52.00425    0.00010   12     1     1
   3    2    1   1.751690  -150.573071   -22.398531       152.23   52.17520    2.91826   24     1     1
   2    2    8   1.736740    60.251747    11.779625      61.3924   52.65866    0.23238   12     1     1
   3    2    2   1.735912   167.184007    25.529186      169.122   52.68571    3.52283   24     1     1
   1    1   12   1.723122   125.661173    15.458418      126.608   53.10725    0.96940   12     1     1
   3    2    3   1.710538   -32.595833    -4.914191      32.9642   53.52896    0.12908   24     1     1
   4    0    6   1.704527   -34.071413    -8.679785      35.1596   53.73288    0.07279   12     1     1
   3    1    8   1.693738    39.009713     3.187866      39.1398   54.10294    0.17762   24     1     1
   3    0   10   1.685970   -17.559751    -1.812888      17.6531   54.37274    0.01786   12     1     1
   1    0   13   1.684800  -109.807023   -16.043801      110.973   54.41360    0.70468   12     1     1
   2    0   12   1.681100    42.623606     9.752225       43.725   54.54330    0.10881   12     1     1
   3    2    4   1.676813    67.122859     7.845715      67.5798   54.69437    0.51658   24     1     1
   4    1    0   1.671283   129.562417    15.695900       130.51   54.89055    0.95548   12     1     1
   2    1   11   1.668139   157.001376    23.266511      158.716   55.00276    2.81315   24     1     1
   4    1    1   1.666672    18.368675     3.104140      18.6291   55.05526    0.03867   24     1     1
   4    1    2   1.653065    22.167373     4.464897      22.6126   55.54742    0.05584   24     1     1
   4    0    7   1.644049  -179.794263   -27.508023      181.886   55.87864    1.78213   12     1     1
   3    2    5   1.636248    90.669531    12.383773      91.5113   56.16858    0.89170   24     1     1
   4    1    3   1.631109    -0.059845    -0.128957     0.142167   56.36133    0.00000   24     1     1
   3    1    9   1.617313   -26.718457    -5.646447      27.3086   56.88567    0.07716   24     1     1
   0    0   14   1.603743    40.274102     3.283971      40.4078   57.41152    0.01379    2     1     1
   4    1    4   1.601789   -28.857115    -5.339876       29.347   57.48808    0.08701   24     1     1
   3    0   11   1.594223   -25.531320    -4.173804      25.8702   57.78660    0.03341   12     1     1
   3    2    6   1.590450     7.261840     1.629462      7.44241   57.93667    0.00550   24     1     1
   4    0    8   1.581675   282.094894    48.157362      286.176   58.28890    4.00973   12     1     1
   2    2   10   1.575343   -84.765333   -16.518191      86.3598   58.54589    0.36155   12     1     1
   2    0   13   1.574389    30.789447     3.395642      30.9761   58.58482    0.04645   12     1     1
   2    1   12   1.571368   -16.363018    -3.380442      16.7086   58.70843    0.02690   24     1     1
   1    0   14   1.569698   136.674767    22.049732      138.442   58.77703    0.92094   12     1     1
   4    1    5   1.566317    -6.109546    -1.123453      6.21198   58.91639    0.00369   24     1     1
   3    1   10   1.543039   208.560200    34.226638       211.35   59.89514    4.11494   24     1     1
   3    2    7   1.540983   -95.567474   -13.935293      96.5781   59.98323    0.85642   24     1     1
   5    0    0   1.531756   -15.697976    -3.420097      16.0662   60.38203    0.00584    6     1     1
   5    0    1   1.528204   109.338500    16.252318       110.54   60.53706    0.54957   12     1     1
   4    1    6   1.526003   324.027168    52.364020      328.231   60.63355    9.65674   24     1     1
   4    0    9   1.518902  -177.292281   -29.525184      179.734   60.94708    1.43124   12     1     1
   5    0    2   1.517694   135.852980    21.621851      137.563   61.00074    0.83676   12     1     1
   3    0   12   1.509124   152.866665    21.184977      154.328   61.38443    1.03857   12     1     1
   1    1   14   1.507645    64.260108    10.559246      65.1219   61.45120    0.18448   12     1     1
   5    0    3   1.500649    38.379925     6.873305      38.9905   61.76898    0.06538   12     1     1
   3    2    8   1.489267    84.968619    12.079395      85.8229   62.29351    0.62181   24     1     1
   2    1   13   1.483180  -107.455799   -17.039889      108.798   62.57795    0.98931   24     1     1
   4    1    7   1.482149   -36.435469    -6.618272      37.0317   62.62641    0.11442   24     1     1
   2    0   14   1.479256   -72.117428   -16.845841      74.0588   62.76277    0.22772   12     1     1
   5    0    4   1.477722   117.625085    17.772964       118.96   62.83533    0.58606   12     1     1
   3    3    0   1.473933    76.942491     8.208017      77.3791   63.01535    0.12320    6     1     1
   3    1   11   1.471775  -166.431419   -26.852722      168.584   63.11838    2.33084   24     1     1
