   h    k    l      d (Å)      F(real)      F(imag)          |F|         2θ          I    M ID(λ) Phase
   1    0    0   6.362000    51.054790    14.330649      53.0279   13.91992   27.03624    6     1     1
   1    0   -1   4.498613    68.440508     1.625181      68.4598   19.73478   22.04441    6     1     1
   1    1    0   4.498613    72.460632     1.633196       72.479   19.73478   24.70882    6     1     1
   1    1    1   3.673102   -91.892673   -10.146870      92.4512   24.23094    8.74245    2     1     1
   1    1   -1   3.673102   -84.932517   -10.131772      85.5347   24.23094   22.44989    6     1     1
   2    0    0   3.181000   209.149054    25.512948      210.699   28.05073  100.00000    6     1     1
   1    2    0   2.845173    79.133576    13.737934      80.3172   31.44246   11.38069    6     1     1
   2    1    0   2.845173    79.947613    13.741961        81.12   31.44246   11.60934    6     1     1
   2    0   -1   2.845173    82.830443    13.751196      83.9641   31.44246   12.43767    6     1     1
   0    2   -1   2.845173    82.810502    13.747512      83.9439   31.44246   12.43166    6     1     1
   2    1    1   2.597276    48.785727     3.386473      48.9031   34.53325    3.44313    6     1     1
   1    1   -2   2.597276    43.000013     3.368755      43.1318   34.53325    2.67840    6     1     1
   1    2   -1   2.597276    43.960641     3.374939        44.09   34.53325    2.79873    6     1     1
   2    1   -1   2.597276    43.170777     3.367676      43.3019   34.53325    2.69957    6     1     1
   2    0   -2   2.249307   149.377660    22.421242      151.051   40.08740   23.65139    6     1     1
   2    2    0   2.249307   152.533318    22.430426      154.174   40.08740   24.63941    6     1     1
   2    2    1   2.120667    81.787488    12.983920      82.8117   42.63394    6.19497    6     1     1
   2    1   -2   2.120667    86.945619    13.003005      87.9126   42.63394    6.98164    6     1     1
   1    2   -2   2.120667    86.288710    12.996937       87.262   42.63394    6.87870    6     1     1
   2    2   -1   2.120667    85.846973    12.998722      86.8255   42.63394    6.81005    6     1     1
   3    0    0   2.120667    52.937524     9.461088      53.7763   42.63394    2.61239    6     1     1
   0    3   -1   2.011841    27.604791     1.263909      27.6337   45.06300    0.60895    6     1     1
   1    3    0   2.011841    29.024156     1.270996       29.052   45.06300    0.67306    6     1     1
   3    0   -1   2.011841    26.815290     1.256489      26.8447   45.06300    0.57467    6     1     1
   3    1    0   2.011841    26.944756     1.262354      26.9743   45.06300    0.58024    6     1     1
   1    3   -1   1.918215   -29.272170    -6.188991      29.9193   47.39332    0.63687    6     1     1
   3    1   -1   1.918215   -26.663003    -6.173864      27.3685   47.39332    0.53290    6     1     1
   1    1   -3   1.918215   -28.535777    -6.180002      29.1973   47.39332    0.60650    6     1     1
   3    1    1   1.918215   -29.974828    -6.192201      30.6077   47.39332    0.66652    6     1     1
   2    2   -2   1.836551   116.355883    19.722018      118.015   49.63951    8.91933    6     1     1
   2    2    2   1.836551   120.341415    19.736472      121.949   49.63951    3.17461    2     1     1
   3    0   -2   1.764501    59.743941     9.329723       60.468   51.81319    2.12385    6     1     1
   0    3   -2   1.764501    59.029999     9.324502      59.7619   51.81319    2.07453    6     1     1
   2    3    0   1.764501    57.564587     9.319676      58.3141   51.81319    1.97524    6     1     1
   3    2    0   1.764501    59.623313     9.327073      60.3484   51.81319    2.11545    6     1     1
   2    3    1   1.700316    26.448044     2.643100      26.5798   53.92382    0.37470    6     1     1
   3    2   -1   1.700316    23.100738     2.625934      23.2495   53.92382    0.28669    6     1     1
   3    2    1   1.700316    25.628132     2.640584      25.7638   53.92382    0.35205    6     1     1
   2    1   -3   1.700316    24.594505     2.631592      24.7349   53.92382    0.32449    6     1     1
   1    3   -2   1.700316    25.206030     2.639770      25.3439   53.92382    0.34066    6     1     1
   2    3   -1   1.700316    25.434657     2.636591      25.5709   53.92382    0.34680    6     1     1
   1    2   -3   1.700316    24.890740     2.634861      25.0298   53.92382    0.33227    6     1     1
   3    1   -2   1.700316    23.048294     2.625905      23.1974   53.92382    0.28540    6     1     1
   4    0    0   1.590500   112.501194    18.182790      113.961   57.98602    5.84188    6     1     1
   3    2    2   1.543012    57.091296     9.015645      57.7988   59.94977    1.39434    6     1     1
   0    4   -1   1.543012    65.064281    11.928326      66.1487   59.94977    1.82631    6     1     1
   3    2   -2   1.543012    59.757722     9.028906       60.436   59.94977    1.52448    6     1     1
   4    0   -1   1.543012    65.840040    11.935327      66.9131   59.94977    1.86876    6     1     1
   1    4    0   1.543012    64.345710    11.922895       65.441   59.94977    1.78744    6     1     1
   4    1    0   1.543012    66.042957    11.931877      67.1122   59.94977    1.87990    6     1     1
   2    2   -3   1.543012    58.169547     9.021527       58.865   59.94977    1.44626    6     1     1
   2    3   -2   1.543012    57.880383     9.018977      58.5788   59.94977    1.43223    6     1     1
   3    0   -3   1.499538    17.539261     1.454239      17.5994   61.87531    0.12050    6     1     1
   3    3    0   1.499538    17.226174     1.451427      17.2872   61.87531    0.11626    6     1     1
   1    4   -1   1.499538    46.420993     6.407250      46.8611   61.87531    0.85427    6     1     1
   1    1   -4   1.499538    45.666042     6.398614      46.1121   61.87531    0.82718    6     1     1
   4    1   -1   1.499538    44.153004     6.392198      44.6133   61.87531    0.77428    6     1     1
   4    1    1   1.499538    46.166741     6.406978      46.6092   61.87531    0.84511    6     1     1
   3    3   -1   1.459543    -5.955763    -3.267754      6.79333   63.76686    0.01680    6     1     1
   1    3   -3   1.459543    -7.296280    -3.278861      7.99916   63.76686    0.02330    6     1     1
   3    3    1   1.459543    -6.760661    -3.275306      7.51227   63.76686    0.02055    6     1     1
   3    1   -3   1.459543    -6.002205    -3.269496      6.83492   63.76686    0.01701    6     1     1
   4    0   -2   1.422586    89.677611    15.966814      91.0879   65.62810    2.83875    6     1     1
   2    4    0   1.422586    91.028837    15.975424        92.42   65.62810    2.92239    6     1     1
   0    4   -2   1.422586    90.343224    15.971853      91.7442   65.62810    2.87981    6     1     1
   4    2    0   1.422586    89.132277    15.965977       90.551   65.62810    2.80538    6     1     1
   2    4   -1   1.388302    60.725931    10.945955      61.7046   67.46234    1.22871    6     1     1
   2    4    1   1.388302    60.619814    10.943666      61.5997   67.46234    1.22454    6     1     1
   4    2   -1   1.388302    62.941041    10.958948       63.888   67.46234    1.31721    6     1     1
   4    2    1   1.388302    61.363870    10.947039      62.3327   67.46234    1.25386    6     1     1
   1    4   -2   1.388302    60.732873    10.943633       61.711   67.46234    1.22897    6     1     1
   1    2   -4   1.388302    61.202505    10.948980      62.1742   67.46234    1.24749    6     1     1
   2    1   -4   1.388302    61.365695    10.951287      62.3352   67.46234    1.25396    6     1     1
   4    1   -2   1.388302    62.623425    10.956858      63.5747   67.46234    1.30432    6     1     1
