   h    k    l      d (Å)      F(real)      F(imag)          |F|         2θ          I    M ID(λ) Phase
   0    0   -1  11.006000    -5.795161    -4.668888      7.44194    8.02672    0.05598    1     1     1
   0    0    1  11.006000    -5.890214     4.746709      7.56478    8.02672    0.05785    1     1     1
   0    0   -1  11.006000    -5.795085    -4.668826      7.44184    8.04650    0.02785    1     2     1
   0    0    1  11.006000    -5.890516     4.746896      7.56513    8.04650    0.02878    1     2     1
   1    0    0   7.778380    -1.750427     1.863154      2.55643   11.36674    0.00983    3     1     1
   0    1    0   7.778380    -1.610254    -1.862865      2.46235   11.36674    0.00912    3     1     1
   1    0    0   7.778380    -1.750778     1.863207      2.55671   11.39479    0.00489    3     2     1
   0    1    0   7.778380    -1.610082    -1.862921      2.46228   11.39479    0.00454    3     2     1
   1    0    1   6.352119  -312.268152   -54.255296      316.946   13.93042  100.00000    3     1     1
   0    1   -1   6.352119  -314.271908   -31.721997      315.869   13.93042   99.32117    3     1     1
   0    1    1   6.352119     5.004909     1.907525       5.3561   13.93042    0.02856    3     1     1
   1    0   -1   6.352119     4.839326    -1.836581      5.17611   13.93042    0.02667    3     1     1
   1    0    1   6.352119  -312.260386   -54.414194      316.966   13.96486   49.75567    3     2     1
   0    1   -1   6.352119  -314.271535   -31.880502      315.884   13.96486   49.41668    3     2     1
   0    1    1   6.352119     5.005326     1.907661      5.35653   13.96486    0.01421    3     2     1
   1    0   -1   6.352119     4.839157    -1.836430       5.1759   13.96486    0.01327    3     2     1
   0    0   -2   5.503000     9.914733    -5.222379       11.206   16.09317    0.03105    1     1     1
   0    0    2   5.503000     9.617794     5.136880      10.9036   16.09317    0.02939    1     1     1
   0    0   -2   5.503000     9.915464    -5.222620      11.2068   16.13302    0.01545    1     2     1
   0    0    2   5.503000     9.617405     5.136876      10.9033   16.13302    0.01462    1     2     1
   0    1   -2   4.492403    -9.512514    -5.014170      10.7531   19.74628    0.05633    3     1     1
   0    1    2   4.492403   101.264328     1.954523      101.283   19.74628    4.99730    3     1     1
   1    0    2   4.492403    -9.293774     4.689610      10.4099   19.74628    0.05279    3     1     1
   1    0   -2   4.492403   101.400928     7.288427      101.663   19.74628    5.03480    3     1     1
   1    1    0   4.490850    94.919175     4.589400      95.0301   19.75318    8.79224    6     1     1
   0    1   -2   4.492403    -9.513106    -5.014788      10.7539   19.79534    0.02802    3     2     1
   0    1    2   4.492403   101.304781     1.971452      101.324   19.79534    2.48787    3     2     1
   1    0    2   4.492403    -9.293611     4.688980      10.4095   19.79534    0.02626    3     2     1
   1    0   -2   4.492403   101.441537     7.300717      101.704   19.79534    2.50656    3     2     1
   1    1    0   4.490850    94.959635     4.603861      95.0712   19.80226    4.37741    6     2     1
   1    1    1   4.158027    -3.709732     2.736301      4.60971   21.35213    0.01761    6     1     1
   1    1   -1   4.158027    -3.325950    -2.548565      4.19012   21.35213    0.01455    6     1     1
   1    1    1   4.158027    -3.710442     2.736761      4.61056   21.40528    0.00876    6     2     1
   1    1   -1   4.158027    -3.325255    -2.548374      4.18945   21.40528    0.00723    6     2     1
   2    0    0   3.889190     0.272607    -1.423539      1.44941   22.84728    0.00076    3     1     1
   0    2    0   3.889190    -0.207353     1.091746      1.11126   22.84728    0.00044    3     1     1
   2    0    0   3.889190     0.273507    -1.424258      1.45028   22.90425    0.00038    3     2     1
   0    2    0   3.889190    -0.208204     1.091254      1.11094   22.90425    0.00022    3     2     1
   0    0   -3   3.668667   191.510077    23.266778      192.918   24.24087    3.94401    1     1     1
   0    0    3   3.668667   186.738379    35.910554       190.16   24.24087    3.83203    1     1     1
   2    0    1   3.666975    -1.622446     1.951568       2.5379   24.25222    0.00205    3     1     1
   2    0   -1   3.666975   180.174902    28.263015      182.378   24.25222   10.56408    3     1     1
   0    2   -1   3.666975    -2.002910    -1.861250      2.73421   24.25222    0.00237    3     1     1
   0    2    1   3.666975   178.586842    31.028658      181.262   24.25222   10.43521    3     1     1
   0    0   -3   3.668667   191.441780    23.387643      192.865   24.30142    1.96063    1     2     1
   0    0    3   3.668667   186.651703    36.018194      190.095   24.30142    1.90472    1     2     1
   2    0    1   3.666975    -1.621666     1.951578      2.53741   24.31280    0.00102    3     2     1
   2    0   -1   3.666975   180.100021    28.379668      182.322   24.31280    5.25125    3     2     1
   0    2   -1   3.666975    -2.003475    -1.860971      2.73443   24.31280    0.00118    3     2     1
   0    2    1   3.666975   178.505849    31.140869      181.202   24.31280    5.18690    3     2     1
   1    1   -2   3.479319     2.815334    -4.395211      5.21958   25.58183    0.01547    6     1     1
   1    1    2   3.479319     2.332182     4.147843      4.75854   25.58183    0.01286    6     1     1
   1    1   -2   3.479319     2.816187    -4.395914      5.22063   25.64584    0.00770    6     2     1
   1    1    2   3.479319     2.331260     4.147674      4.75794   25.64584    0.00639    6     2     1
   0    1   -3   3.318121     9.280988    -0.130915      9.28191   26.84731    0.02209    3     1     1
   0    1    3   3.318121    -7.414151     8.977599      11.6433   26.84731    0.03475    3     1     1
   1    0   -3   3.318121    -6.990136    -8.650888       11.122   26.84731    0.03171    3     1     1
   1    0    3   3.318121     9.845224     0.596365      9.86327   26.84731    0.02494    3     1     1
   0    1   -3   3.318121     9.280216    -0.129939      9.28113   26.91460    0.01098    3     2     1
   0    1    3   3.318121    -7.414987     8.978554      11.6446   26.91460    0.01729    3     2     1
   1    0   -3   3.318121    -6.989387    -8.650726      11.1214   26.91460    0.01577    3     2     1
   1    0    3   3.318121     9.846489     0.597158      9.86458   26.91460    0.01241    3     2     1
   2    0    2   3.176059   535.444093   102.162333      545.103   28.07221   69.29159    3     1     1
   0    2   -2   3.176059   543.715089    46.661164      545.714   28.07221   69.44686    3     1     1
   0    2    2   3.176059    -7.364675    -0.710729      7.39889   28.07221    0.01277    3     1     1
   2    0   -2   3.176059    -7.923891     0.289851      7.92919   28.07221    0.01466    3     1     1
   2    0    2   3.176059   535.387002   102.437262      545.099   28.14269   34.46088    3     2     1
   0    2   -2   3.176059   543.688803    46.940815      545.711   28.14269   34.53839    3     2     1
   0    2    2   3.176059    -7.363918    -0.711718      7.39823   28.14269    0.00635    3     2     1
   2    0   -2   3.176059    -7.925160     0.289254      7.93044   28.14269    0.00729    3     2     1
   2    1    0   2.939951    -5.114063     3.243362      6.05583   30.37886    0.01445    6     1     1
   1    2    0   2.939951    -4.430994    -3.649839      5.74065   30.37886    0.01298    6     1     1
   2    1    0   2.939951    -5.115513     3.242920      6.05681   30.45540    0.00719    6     2     1
   1    2    0   2.939951    -4.429951    -3.650909      5.74052   30.45540    0.00646    6     2     1
   1    1   -3   2.841147  -283.473125   -12.105050      283.731   31.46219   29.41479    6     1     1
   1    1    3   2.841147  -276.737334   -67.899693      284.945   31.46219   29.66704    6     1     1
   1    2   -1   2.840361  -286.248264   -30.356637      287.853   31.47112   30.25714    6     1     1
   2    1    1   2.840361  -283.330583   -49.866284      287.685   31.47112   30.22182    6     1     1
   1    2    1   2.840361     4.874498    -3.854003      6.21402   31.47112    0.01410    6     1     1
   2    1   -1   2.840361     4.066434     4.430624      6.01384   31.47112    0.01321    6     1     1
   1    1   -3   2.841147  -283.481810   -12.253039      283.746   31.54161   14.62924    6     2     1
   1    1    3   2.841147  -276.721098   -68.047258      284.965   31.54161   14.75515    6     2     1
   2    1    1   2.840361  -283.321501   -50.013976      287.702   31.55056   15.03076    6     2     1
   1    2   -1   2.840361  -286.250003   -30.505346      287.871   31.55056   15.04841    6     2     1
   1    2    1   2.840361     4.876087    -3.853213      6.21478   31.55056    0.00701    6     2     1
   2    1   -1   2.840361     4.065067     4.431976      6.01392   31.55056    0.00657    6     2     1
   0    0   -4   2.751500   -10.168907    -7.078173      12.3898   32.51520    0.00871    1     1     1
   0    0    4   2.751500    -9.698235     6.710758      11.7936   32.51520    0.00789    1     1     1
   0    0   -4   2.751500   -10.170258    -7.078732      12.3912   32.59742    0.00433    1     2     1
   0    0    4   2.751500    -9.697972     6.709929       11.793   32.59742    0.00392    1     2     1
   2    0   -3   2.668695     6.606144     3.793422      7.61782   33.55346    0.00922    3     1     1
   2    0    3   2.668695    -2.215610     7.122682      7.45932   33.55346    0.00884    3     1     1
   0    2   -3   2.668695    -1.314983    -6.586786      6.71676   33.55346    0.00717    3     1     1
   0    2    3   2.668695     7.310483    -3.366806      8.04851   33.55346    0.01030    3     1     1
   2    0   -3   2.668695     6.605245     3.794579      7.61762   33.63845    0.00459    3     2     1
   2    0    3   2.668695    -2.217209     7.123963      7.46102   33.63845    0.00440    3     2     1
   0    2   -3   2.668695    -1.313264    -6.586141       6.7158   33.63845    0.00356    3     2     1
   0    2    3   2.668695     7.312143    -3.366373      8.04984   33.63845    0.00512    3     2     1
   0    1   -4   2.593989   107.717021     2.436314      107.745   34.54970    1.73132    3     1     1
   0    1    4   2.593989     4.825545     3.252399      5.81928   34.54970    0.00505    3     1     1
   1    0   -4   2.593989     5.634540    -3.829113       6.8125   34.54970    0.00692    3     1     1
   1    0    4   2.593989   105.238091    16.805272      106.571   34.54970    1.69382    3     1     1
   2    1    2   2.593092    -2.258753    -2.411845      3.30439   34.56203    0.00325    6     1     1
   1    2   -2   2.593092    -3.231468     2.015855      3.80868   34.56203    0.00432    6     1     1
   1    2    2   2.593092    99.916809    15.314825      101.084   34.56203    3.04537    6     1     1
   2    1   -2   2.593092   101.644252     3.933418       101.72   34.56203    3.08386    6     1     1
   3    0    0   2.592793    99.625916    15.338121        100.8   34.56613    1.51375    3     1     1
   0    3    0   2.592793   100.612848     3.968039      100.691   34.56613    1.51049    3     1     1
   0    1   -4   2.593989   107.752144     2.466831       107.78   34.63738    0.86146    3     2     1
   0    1    4   2.593989     4.824083     3.251674      5.81766   34.63738    0.00251    3     2     1
   1    0   -4   2.593989     5.636035    -3.830423      6.81447   34.63738    0.00344    3     2     1
   1    0    4   2.593989   105.264520    16.841954      106.603   34.63738    0.84275    3     2     1
   2    1    2   2.593092    -2.257234    -2.412795      3.30404   34.64974    0.00162    6     2     1
   1    2   -2   2.593092    -3.233495     2.015368      3.81014   34.64974    0.00215    6     2     1
   1    2    2   2.593092    99.944442    15.349680      101.116   34.64974    1.51527    6     2     1
   2    1   -2   2.593092   101.678074     3.965707      101.755   34.64974    1.53448    6     2     1
   3    0    0   2.592793    99.654760    15.371312      100.833   34.65386    0.75320    3     2     1
   0    3    0   2.592793   100.645431     4.002194      100.725   34.65386    0.75159    3     2     1
   3    0    1   2.523709     3.839262     5.541603      6.74161   35.54345    0.00637    3     1     1
   0    3   -1   2.523709     4.859324    -5.022959      6.98879   35.54345    0.00685    3     1     1
   0    3    1   2.523709    -2.146337     4.401615      4.89704   35.54345    0.00336    3     1     1
   3    0   -1   2.523709    -1.303718    -3.726189      3.94768   35.54345    0.00218    3     1     1
   0    3   -1   2.523709     4.861439    -5.022335      6.98981   35.63382    0.00341    3     2     1
   0    3    1   2.523709    -2.147925     4.403254      4.89921   35.63382    0.00167    3     2     1
   3    0   -1   2.523709    -1.302246    -3.725383      3.94643   35.63382    0.00109    3     2     1
   3    0    1   2.523709     3.837642     5.542900      6.74175   35.63382    0.00317    3     2     1
   1    1   -4   2.346155    -7.716347    -0.867219      7.76493   38.33422    0.01431    6     1     1
   1    1    4   2.346155    -6.706437     0.119716      6.70751   38.33422    0.01068    6     1     1
   3    0   -2   2.345491     2.601369    -1.550276      3.02828   38.34549    0.00109    3     1     1
   3    0    2   2.345491    -5.956019     5.103667      7.84357   38.34549    0.00730    3     1     1
   0    3   -2   2.345491    -4.909969    -5.491370      7.36634   38.34549    0.00644    3     1     1
   0    3    2   2.345491     1.513854     0.990745      1.80923   38.34549    0.00039    3     1     1
   1    1   -4   2.346155    -7.718484    -0.868389      7.76718   38.43222    0.00712    6     2     1
   1    1    4   2.346155    -6.704928     0.118110      6.70597   38.43222    0.00531    6     2     1
   3    0   -2   2.345491     2.603244    -1.551542      3.03054   38.44352    0.00054    3     2     1
   3    0    2   2.345491    -5.958403     5.103389       7.8452   38.44352    0.00363    3     2     1
   0    3   -2   2.345491    -4.908527    -5.492521      7.36624   38.44352    0.00320    3     2     1
   0    3    2   2.345491     1.511789     0.990018      1.80711   38.44352    0.00019    3     2     1
   2    1   -3   2.294185     0.340457    -6.224349      6.23365   39.23776    0.00876    6     1     1
   2    1    3   2.294185     2.489499    -2.925955      3.84172   39.23776    0.00333    6     1     1
   1    2   -3   2.294185     1.455150     3.548017      3.83483   39.23776    0.00332    6     1     1
   1    2    3   2.294185    -0.858839     6.787137      6.84126   39.23776    0.01055    6     1     1
   2    1   -3   2.294185     0.342836    -6.223712      6.23315   39.33826    0.00435    6     2     1
   2    1    3   2.294185     2.491615    -2.925188      3.84251   39.33826    0.00166    6     2     1
   1    2   -3   2.294185     1.453510     3.549504      3.83558   39.33826    0.00165    6     2     1
   1    2    3   2.294185    -0.860860     6.788524      6.84289   39.33826    0.00525    6     2     1
   0    2   -4   2.246202    -0.532725    -5.681278       5.7062   40.11152    0.00350    3     1     1
   0    2    4   2.246202   409.954292   107.532736      423.823   40.11152   19.28206    3     1     1
   2    0    4   2.246202    -1.687667     4.890645      5.17365   40.11152    0.00287    3     1     1
   2    0   -4   2.246202   424.120568    20.027045      424.593   40.11152   19.35221    3     1     1
   2    2    0   2.245425   417.217742    64.116294      422.116   40.12599   38.22336    6     1     1
   0    2   -4   2.246202    -0.530787    -5.683065       5.7078   40.21445    0.00174    3     2     1
   0    2    4   2.246202   409.894738   107.766470      423.825   40.21445    9.58628    3     2     1
   2    0    4   2.246202    -1.689966     4.889559      5.17337   40.21445    0.00143    3     2     1
   2    0   -4   2.246202   424.113730    20.268258      424.598   40.21445    9.62128    3     2     1
   2    2    0   2.245425   417.184276    64.355009      422.119   40.22896   19.00327    6     2     1
   0    0   -5   2.201200    10.016683     4.667544      11.0508   40.96796    0.00417    1     1     1
   0    0    5   2.201200    10.916501    -3.732033      11.5368   40.96796    0.00454    1     1     1
   2    2   -1   2.200104     1.879249    -5.485804      5.79876   40.98929    0.00688    6     1     1
   2    2    1   2.200104     0.753446     5.858620      5.90687   40.98929    0.00714    6     1     1
   0    0   -5   2.201200    10.015522     4.669721      11.0507   41.07329    0.00207    1     2     1
   0    0    5   2.201200    10.918611    -3.730716      11.5384   41.07329    0.00226    1     2     1
   2    2   -1   2.200104     1.881659    -5.485665      5.79941   41.09468    0.00342    6     2     1
   2    2    1   2.200104     0.751753     5.859811      5.90784   41.09468    0.00355    6     2     1
   3    1    0   2.157335     1.424234    -2.902071      3.23272   41.83962    0.00204    6     1     1
   1    3    0   2.157335     0.267498     2.383129       2.3981   41.83962    0.00112    6     1     1
   3    1    0   2.157335     1.426139    -2.903445      3.23479   41.94740    0.00102    6     2     1
   1    3    0   2.157335     0.265215     2.382661      2.39738   41.94740    0.00056    6     2     1
   0    1    5   2.118024  -236.282020   -74.953379      247.885   42.65373    5.74993    3     1     1
   0    1   -5   2.118024    -1.489218   -10.075030      10.1845   42.65373    0.00971    3     1     1
   1    0   -5   2.118024  -246.792597     1.698863      246.798   42.65373    5.69961    3     1     1
   1    0    5   2.118024    -2.738040    10.731218       11.075   42.65373    0.01148    3     1     1
   0    3   -3   2.117373  -188.169307   -14.596182      188.735   42.66749    3.33080    3     1     1
   3    0    3   2.117373  -184.553194   -39.558208      188.745   42.66749    3.33118    3     1     1
   0    3    3   2.117373  -243.155191   -60.771717      250.634   42.66749    5.87392    3     1     1
   3    0   -3   2.117373  -250.101262   -12.862692      250.432   42.66749    5.86442    3     1     1
   3    1   -1   2.117048  -248.408521   -29.190526      250.118   42.67436   11.69521    6     1     1
   1    3   -1   2.117048    -1.433115     6.245978      6.40828   42.67436    0.00768    6     1     1
   3    1    1   2.117048    -0.029850    -5.570214      5.57029   42.67436    0.00580    6     1     1
   1    3    1   2.117048  -246.615588   -44.735476       250.64   42.67436   11.74412    6     1     1
   0    1    5   2.118024  -236.259367   -75.088247      247.905   42.76381    2.85883    3     2     1
   0    1   -5   2.118024    -1.486721   -10.074438      10.1835   42.76381    0.00482    3     2     1
   1    0   -5   2.118024  -246.808832     1.563094      246.814   42.76381    2.83373    3     2     1
   1    0    5   2.118024    -2.740160    10.732956      11.0772   42.76381    0.00571    3     2     1
   3    0    3   2.117373  -184.554562   -39.658754      188.768   42.77761    1.65638    3     2     1
   0    3   -3   2.117373  -188.183853   -14.694383      188.757   42.77761    1.65619    3     2     1
   0    3    3   2.117373  -243.139241   -60.907091      250.652   42.77761    2.92043    3     2     1
   3    0   -3   2.117373  -250.111041   -12.999408      250.449   42.77761    2.91569    3     2     1
   3    1   -1   2.117048  -248.408679   -29.326988      250.134   42.78451    5.81464    6     2     1
   1    3   -1   2.117048    -1.435553     6.247608      6.41042   42.78451    0.00382    6     2     1
   3    1    1   2.117048    -0.027154    -5.569418      5.56948   42.78451    0.00288    6     2     1
   1    3    1   2.117048  -246.609122   -44.872189      250.658   42.78451    5.83904    6     2     1
   2    2    2   2.079014    -4.293596     3.254764      5.38781   43.49442    0.00520    6     1     1
   2    2   -2   2.079014    -2.863773    -4.269047      5.14062   43.49442    0.00473    6     1     1
   2    2    2   2.079014    -4.296314     3.253242      5.38905   43.60690    0.00259    6     2     1
   2    2   -2   2.079014    -2.861278    -4.271255      5.14106   43.60690    0.00235    6     2     1
   1    2   -4   2.008925    56.620154    -0.348054      56.6212   45.09372    0.52940    6     1     1
   1    2    4   2.008925    -1.364968     2.269126      2.64803   45.09372    0.00116    6     1     1
   2    1   -4   2.008925    -0.208148    -2.997434      3.00465   45.09372    0.00149    6     1     1
   2    1    4   2.008925    56.357143     7.552480      56.8609   45.09372    0.53389    6     1     1
   3    1    2   2.008508    55.648320     7.272100      56.1215   45.10360    0.51983    6     1     1
   3    1   -2   2.008508    -4.669401     2.304946      5.20731   45.10360    0.00448    6     1     1
   1    3   -2   2.008508    55.683602    -0.125117      55.6837   45.10360    0.51176    6     1     1
   1    3    2   2.008508    -3.383370    -3.028279      4.54067   45.10360    0.00340    6     1     1
   1    2   -4   2.008925    56.654664    -0.341048      56.6557   45.21079    0.26347    6     2     1
   1    2    4   2.008925    -1.367399     2.268279      2.64856   45.21079    0.00058    6     2     1
   2    1   -4   2.008925    -0.206392    -2.999202       3.0063   45.21079    0.00074    6     2     1
   2    1    4   2.008925    56.391215     7.567727      56.8967   45.21079    0.26572    6     2     1
   3    1    2   2.008508    55.682809     7.285300      56.1574   45.22069    0.25873    6     2     1
   3    1   -2   2.008508    -4.672023     2.304121       5.2093   45.22069    0.00223    6     2     1
   1    3   -2   2.008508    55.717972    -0.116309      55.7181   45.22069    0.25470    6     2     1
   1    3    2   2.008508    -3.381339    -3.030103      4.54037   45.22069    0.00169    6     2     1
   1    1   -5   1.976537     6.096560     5.840061      8.44241   45.87440    0.01132    6     1     1
   1    1    5   1.976537     7.367323    -4.859129      8.82545   45.87440    0.01237    6     1     1
   1    1   -5   1.976537     6.094703     5.842297      8.44262   45.99372    0.00563    6     2     1
   1    1    5   1.976537     7.370106    -4.857755      8.82702   45.99372    0.00615    6     2     1
   4    0    0   1.944595    -7.834880     3.227347      8.47355   46.67214    0.00548    3     1     1
   0    4    0   1.944595    -6.201032    -4.332699      7.56473   46.67214    0.00437    3     1     1
   4    0    0   1.944595    -7.838060     3.225676      8.47586   46.79378    0.00273    3     2     1
   0    4    0   1.944595    -6.198262    -4.335134      7.56385   46.79378    0.00217    3     2     1
   2    0   -5   1.915658     2.101465    -8.288111      8.55038   47.41997    0.00539    3     1     1
   2    0    5   1.915658    65.815702    24.619964      70.2698   47.41997    0.36382    3     1     1
   0    2   -5   1.915658    70.549216     9.657833      71.2072   47.41997    0.37359    3     1     1
   0    2    5   1.915658     0.488835     9.298592      9.31143   47.41997    0.00639    3     1     1
   2    2   -3   1.915176    68.517864    11.173454      69.4229   47.43263    0.70978    6     1     1
   2    2    3   1.915176    65.572096    23.310437      69.5922   47.43263    0.71325    6     1     1
   4    0    1   1.914935    66.629894    22.368993      70.2845   47.43896    0.36364    3     1     1
   4    0   -1   1.914935     4.940476     7.761277      9.20031   47.43896    0.00623    3     1     1
   0    4   -1   1.914935    67.780595    12.232756      68.8756   47.43896    0.34921    3     1     1
   0    4    1   1.914935     6.321806    -7.264458      9.63004   47.43896    0.00683    3     1     1
   2    0   -5   1.915658     2.104566    -8.286786      8.54986   47.54381    0.00268    3     2     1
   2    0    5   1.915658    65.749467    24.678840      70.2285   47.54381    0.18062    3     2     1
   0    2   -5   1.915658    70.501446     9.732755      71.1701   47.54381    0.18550    3     2     1
   0    2    5   1.915658     0.486006     9.300946      9.31364   47.54381    0.00318    3     2     1
   2    2   -3   1.915176    68.466237    11.245563      69.3836   47.55651    0.35240    6     2     1
   2    2    3   1.915176    65.508976    23.372902      69.5537   47.55651    0.35413    6     2     1
   4    0    1   1.914935    66.570104    22.434909      70.2489   47.56285    0.18057    3     2     1
   4    0   -1   1.914935     4.938573     7.762898      9.20066   47.56285    0.00310    3     2     1
   0    4   -1   1.914935    67.725304    12.301868      68.8335   47.56285    0.17336    3     2     1
   0    4    1   1.914935     6.324948    -7.264260      9.63195   47.56285    0.00339    3     2     1
   3    0    4   1.886995    -3.329666    -4.764471      5.81265   48.18553    0.00240    3     1     1
   0    3   -4   1.886995    -4.668585     3.923520      6.09834   48.18553    0.00264    3     1     1
   0    3    4   1.886995    -2.567449    -4.265037      4.97819   48.18553    0.00176    3     1     1
   3    0   -4   1.886995    -4.286715     3.541900      5.56066   48.18553    0.00220    3     1     1
   0    3   -4   1.886995    -4.671327     3.922611      6.09985   48.31162    0.00131    3     2     1
   3    0    4   1.886995    -3.327549    -4.766636      5.81321   48.31162    0.00119    3     2     1
   0    3    4   1.886995    -2.564683    -4.266698      4.97818   48.31162    0.00088    3     2     1
   3    0   -4   1.886995    -4.290221     3.540933      5.56275   48.31162    0.00109    3     2     1
   3    1    3   1.859637     2.542018     6.117027      6.62419   48.94050    0.00602    6     1     1
   3    1   -3   1.859637     4.673548     9.099239      10.2293   48.94050    0.01435    6     1     1
   1    3   -3   1.859637     4.094568    -5.267381      6.67164   48.94050    0.00611    6     1     1
   1    3    3   1.859637     6.322430    -8.058366      10.2426   48.94050    0.01439    6     1     1
   3    1    3   1.859637     2.539483     6.119153      6.62518   49.06883    0.00299    6     2     1
   3    1   -3   1.859637     4.670876     9.101723      10.2303   49.06883    0.00714    6     2     1
   1    3   -3   1.859637     4.097684    -5.266397      6.67278   49.06883    0.00304    6     2     1
   1    3    3   1.859637     6.325815    -8.057023      10.2436   49.06883    0.00715    6     2     1
   0    0   -6   1.834333   342.509197     1.471211      342.512   49.66092    2.59427    1     1     1
   0    0    6   1.834333   324.299443   107.651252        341.7   49.66092    2.58198    1     1     1
   4    0   -2   1.833487   337.191797    37.725956      339.296   49.68538    7.62877    3     1     1
   4    0    2   1.833487    -0.818149    -6.589048      6.63965   49.68538    0.00292    3     1     1
   0    4   -2   1.833487    -2.534894     5.549621      6.10115   49.68538    0.00247    3     1     1
   0    4    2   1.833487   331.109501    72.542803      338.963   49.68538    7.61382    3     1     1
   0    0   -6   1.834333   342.517091     1.678574      342.521   49.79139    1.28948    1     2     1
   0    0    6   1.834333   324.239632   107.849860      341.706   49.79139    1.28335    1     2     1
   4    0   -2   1.833487   337.176725    37.932532      339.304   49.81593    3.79186    3     2     1
   4    0    2   1.833487    -0.815088    -6.591493       6.6417   49.81593    0.00145    3     2     1
   0    4   -2   1.833487    -2.538105     5.548280      6.10126   49.81593    0.00123    3     2     1
   0    4    2   1.833487   331.071818    72.746428       338.97   49.81593    3.78440    3     2     1
   0    1   -6   1.785360     0.240655    -3.713070      3.72086   51.11969    0.00086    3     1     1
   0    1    6   1.785360    -5.468414    -2.045555      5.83848   51.11969    0.00212    3     1     1
   1    0   -6   1.785360    -7.178005     0.960257      7.24195   51.11969    0.00326    3     1     1
   1    0    6   1.785360    -1.036746     2.586254      2.78632   51.11969    0.00048    3     1     1
   2    3    0   1.784483    -2.474570    -4.598868      5.22236   51.14663    0.00338    6     1     1
   3    2    0   1.784483    -4.218538     3.978393      5.79859   51.14663    0.00417    6     1     1
   0    1   -6   1.785360     0.242640    -3.715586       3.7235   51.25455    0.00043    3     2     1
   0    1    6   1.785360    -5.465696    -2.047867      5.83674   51.25455    0.00105    3     2     1
   1    0   -6   1.785360    -7.181482     0.958570      7.24517   51.25455    0.00162    3     2     1
   1    0    6   1.785360    -1.039393     2.584718      2.78588   51.25455    0.00024    3     2     1
   2    3    0   1.784483    -2.471896    -4.600511      5.22254   51.28157    0.00168    6     2     1
   3    2    0   1.784483    -4.222205     3.977795      5.80085   51.28157    0.00207    6     2     1
   2    1   -5   1.762042  -172.102469    -3.295189      172.134   51.84605    3.56422    6     1     1
   2    1    5   1.762042     0.904960     7.083322       7.1409   51.84605    0.00613    6     1     1
   1    2   -5   1.762042     2.368231    -6.189002      6.62663   51.84605    0.00528    6     1     1
   1    2    5   1.762042  -165.349731   -48.385375      172.284   51.84605    3.57042    6     1     1
   2    3   -1   1.761480  -169.837980   -25.017453      171.671   51.86383    3.54229    6     1     1
   2    3    1   1.761480     5.169658    -7.296729      8.94246   51.86383    0.00961    6     1     1
   3    2    1   1.761480  -169.406804   -27.012322      171.547   51.86383    3.53718    6     1     1
   3    2   -1   1.761480     3.434654     8.272619      8.95729   51.86383    0.00964    6     1     1
   2    1   -5   1.762042  -172.121156    -3.388954      172.155   51.98311    1.77185    6     2     1
   2    1    5   1.762042     0.902588     7.085696      7.14295   51.98311    0.00305    6     2     1
   1    2   -5   1.762042     2.371179    -6.188135      6.62688   51.98311    0.00263    6     2     1
   1    2    5   1.762042  -165.343649   -48.481482      172.305   51.98311    1.77494    6     2     1
   2    3   -1   1.761480  -169.845084   -25.112311      171.692   52.00095    1.76095    6     2     1
   2    3    1   1.761480     5.173177    -7.295622      8.94359   52.00095    0.00478    6     2     1
   3    2    1   1.761480  -169.412428   -27.108615      171.568   52.00095    1.75841    6     2     1
   3    2   -1   1.761480     3.431830     8.275087      8.95849   52.00095    0.00479    6     2     1
   2    2   -4   1.739660    -4.473761     4.430395      6.29626   52.56378    0.00462    6     1     1
   2    2    4   1.739660    -2.790128    -5.381829      6.06209   52.56378    0.00428    6     1     1
   2    2   -4   1.739660    -4.477117     4.429277      6.29786   52.70303    0.00230    6     2     1
   2    2    4   1.739660    -2.787362    -5.384186      6.06291   52.70303    0.00213    6     2     1
   4    0    3   1.718152     0.705278    -5.213135      5.26063   53.27323    0.00156    3     1     1
   0    4   -3   1.718152    -0.851793     5.995847      6.05605   53.27323    0.00207    3     1     1
   0    4    3   1.718152     1.468281     8.864560      8.98534   53.27323    0.00456    3     1     1
   4    0   -3   1.718152     3.232782    -8.154931      8.77233   53.27323    0.00435    3     1     1
   4    0    3   1.718152     0.708511    -5.212441      5.26037   53.41467    0.00078    3     2     1
   0    4   -3   1.718152    -0.854214     5.997930      6.05845   53.41467    0.00103    3     2     1
   0    4    3   1.718152     1.465478     8.866600      8.98689   53.41467    0.00227    3     2     1
   4    0   -3   1.718152     3.236433    -8.154406      8.77319   53.41467    0.00216    3     2     1
   1    1   -6   1.698137    70.211796    -3.134501      70.2817   53.95169    0.54268    6     1     1
   1    1    6   1.698137    67.771522    17.721971      70.0503   53.95169    0.53911    6     1     1
   1    3   -4   1.697717    -4.911420    -6.187701      7.89998   53.96611    0.00685    6     1     1
   1    3    4   1.697717    66.996591    15.782514      68.8305   53.96611    0.52018    6     1     1
   3    1   -4   1.697717    68.772901    -1.169664      68.7828   53.96611    0.51946    6     1     1
   3    1    4   1.697717    -6.532033     4.994002      8.22238   53.96611    0.00742    6     1     1
   2    3    2   1.697466    69.049942     8.693612      69.5951   53.97475    0.53161    6     1     1
   3    2   -2   1.697466    68.956512     6.051150      69.2215   53.97475    0.52592    6     1     1
   3    2    2   1.697466    -1.707825    -5.743649      5.99218   53.97475    0.00394    6     1     1
   2    3   -2   1.697466    -3.440366     4.857099       5.9521   53.97475    0.00389    6     1     1
   4    1    0   1.697382    69.274619     7.154165      69.6431   53.97764    0.53228    6     1     1
   1    4    0   1.697382    68.522912     7.535497       68.936   53.97764    0.52152    6     1     1
   1    1   -6   1.698137    70.242842    -3.113775      70.3118   54.09523    0.26993    6     2     1
   1    1    6   1.698137    67.794154    17.751662      70.0797   54.09523    0.26815    6     2     1
   1    3   -4   1.697717    -4.908934    -6.190530      7.90065   54.10968    0.00341    6     2     1
   1    3    4   1.697717    67.020474    15.810706      68.8602   54.10968    0.25875    6     2     1
   3    1   -4   1.697717    68.802970    -1.147391      68.8125   54.10968    0.25839    6     2     1
   3    1    4   1.697717    -6.535451     4.992451      8.22415   54.10968    0.00369    6     2     1
   2    3    2   1.697466    69.077303     8.721119      69.6257   54.11836    0.26443    6     2     1
   3    2   -2   1.697466    68.983269     6.074594      69.2502   54.11836    0.26159    6     2     1
   3    2    2   1.697466    -1.704981    -5.745961      5.99358   54.11836    0.00196    6     2     1
   2    3   -2   1.697466    -3.443817     4.856194      5.95336   54.11836    0.00193    6     2     1
   1    4    0   1.697382    68.548643     7.560351      68.9643   54.12125    0.25940    6     2     1
   4    1    0   1.697382    69.303154     7.180049      69.6741   54.12125    0.26477    6     2     1
   3    0    5   1.678035     4.910925    -4.712626      6.80632   54.65151    0.00247    3     1     1
   0    3    5   1.678035     6.027097    -7.170097      9.36676   54.65151    0.00468    3     1     1
   3    0   -5   1.678035     4.480828     8.376234      9.49943   54.65151    0.00481    3     1     1
   0    3   -5   1.678035     3.192012     6.156889      6.93514   54.65151    0.00257    3     1     1
   4    1   -1   1.677549     2.812672    -8.820108      9.25772   54.66865    0.00914    6     1     1
   4    1    1   1.677549     4.619702     7.548100       8.8496   54.66865    0.00835    6     1     1
   1    4   -1   1.677549     6.516702    -6.402555      9.13565   54.66865    0.00890    6     1     1
   1    4    1   1.677549     0.773692     9.754096      9.78473   54.66865    0.01021    6     1     1
   3    0    5   1.678035     4.914347    -4.710485      6.80731   54.79722    0.00123    3     2     1
   0    3    5   1.678035     6.030436    -7.168621      9.36778   54.79722    0.00233    3     2     1
   3    0   -5   1.678035     4.478511     8.379162      9.50092   54.79722    0.00239    3     2     1
   0    3   -5   1.678035     3.189168     6.160023      6.93662   54.79722    0.00128    3     2     1
   4    1   -1   1.677549     2.816688    -8.819103      9.25799   54.81442    0.00454    6     2     1
   4    1    1   1.677549     4.616549     7.550894      8.85034   54.81442    0.00415    6     2     1
   1    4   -1   1.677549     6.520465    -6.401121      9.13733   54.81442    0.00442    6     2     1
   1    4    1   1.677549     0.770230     9.756478      9.78683   54.81442    0.00508    6     2     1
   0    2   -6   1.659060    -5.546708     2.911460      6.26439   55.32973    0.00204    3     1     1
   0    2    6   1.659060    -3.465455     3.147045      4.68116   55.32973    0.00114    3     1     1
   2    0   -6   1.659060    -1.835026    -4.446840      4.81058   55.32973    0.00120    3     1     1
   2    0    6   1.659060    -3.972486    -3.716819      5.44016   55.32973    0.00154    3     1     1
   0    2   -6   1.659060    -5.550112     2.910678      6.26704   55.47756    0.00101    3     2     1
   0    2    6   1.659060    -3.468845     3.145134      4.68239   55.47756    0.00057    3     2     1
   2    0   -6   1.659060    -1.832483    -4.449638       4.8122   55.47756    0.00060    3     2     1
   2    0    6   1.659060    -3.970205    -3.718969      5.43997   55.47756    0.00076    3     2     1
   1    4   -2   1.621978    -5.202697    -5.732851      7.74168   56.70751    0.00588    6     1     1
   1    4    2   1.621978    -2.267393     3.422754      4.10564   56.70751    0.00165    6     1     1
   4    1   -2   1.621978    -0.477467    -4.316202      4.34253   56.70751    0.00185    6     1     1
   4    1    2   1.621978    -7.042990     4.622047      8.42419   56.70751    0.00696    6     1     1
   1    4   -2   1.621978    -5.199856    -5.735574      7.74179   56.85970    0.00292    6     2     1
   1    4    2   1.621978    -2.271058     3.421806      4.10688   56.85970    0.00082    6     2     1
   4    1   -2   1.621978    -0.474653    -4.318458      4.34446   56.85970    0.00092    6     2     1
   4    1    2   1.621978    -7.046835     4.620687      8.42666   56.85970    0.00346    6     2     1
   2    3    3   1.604717     2.756068     8.338030      8.78172   57.37373    0.00737    6     1     1
   2    3   -3   1.604717     2.500868     8.222243      8.59416   57.37373    0.00706    6     1     1
   3    2   -3   1.604717     4.599240    -7.163142      8.51256   57.37373    0.00692    6     1     1
   3    2    3   1.604717     4.453568    -6.816742      8.14262   57.37373    0.00634    6     1     1
   2    3    3   1.604717     2.752944     8.341046      8.78361   57.52804    0.00366    6     2     1
   2    3   -3   1.604717     2.497540     8.225490       8.5963   57.52804    0.00351    6     2     1
   3    2   -3   1.604717     4.602831    -7.161850      8.51341   57.52804    0.00344    6     2     1
   3    2    3   1.604717     4.457374    -6.814856      8.14312   57.52804    0.00315    6     2     1
   4    0    4   1.588030   280.823938    82.817256      292.781   58.03366    3.99096    3     1     1
   0    4   -4   1.588030   292.090075    15.800091      292.517   58.03366    3.98377    3     1     1
   0    4    4   1.588030    -4.773525     2.756103      5.51205   58.03366    0.00141    3     1     1
   4    0   -4   1.588030    -2.834111    -4.260249      5.11683   58.03366    0.00122    3     1     1
   4    0    4   1.588030   280.780515    82.998043      292.791   58.19009    1.98353    3     2     1
   0    4   -4   1.588030   292.088578    15.986090      292.526   58.19009    1.97994    3     2     1
   0    4    4   1.588030    -4.777312     2.753834      5.51419   58.19009    0.00070    3     2     1
   4    0   -4   1.588030    -2.830858    -4.263476      5.11771   58.19009    0.00061    3     2     1
   0    0   -7   1.572286     4.098067   -10.100208      10.8999   58.67113    0.00180    1     1     1
   0    0    7   1.572286     1.878567    11.535374      11.6873   58.67113    0.00207    1     1     1
   2    2   -5   1.571886     3.144494     7.425917      8.06425   58.68750    0.00590    6     1     1
   2    2    5   1.571886     4.852045    -6.193353      7.86765   58.68750    0.00562    6     1     1
   0    0   -7   1.572286     4.102292   -10.098274      10.8997   58.82962    0.00089    1     2     1
   0    0    7   1.572286     1.874622    11.538690        11.69   58.82962    0.00103    1     2     1
   2    2   -5   1.571886     3.141928     7.428889      8.06598   58.84605    0.00294    6     2     1
   2    2    5   1.571886     4.855702    -6.191853      7.86873   58.84605    0.00279    6     2     1
   1    2   -6   1.556257    -3.826664    -6.101816      7.20247   59.33549    0.00460    6     1     1
   2    1   -6   1.556257    -5.220192     4.421630      6.84114   59.33549    0.00415    6     1     1
   1    2    6   1.556257    -3.340280    -5.539758      6.46888   59.33549    0.00371    6     1     1
   2    1    6   1.556257    -5.597049     4.550237      7.21329   59.33549    0.00461    6     1     1
   5    0    0   1.555676    -0.356600    -6.543726      6.55344   59.35988    0.00190    3     1     1
   0    5    0   1.555676    -2.457673     5.547695      6.06771   59.35988    0.00163    3     1     1
   1    2   -6   1.556257    -3.823892    -6.105224      7.20388   59.49614    0.00228    6     2     1
   2    1   -6   1.556257    -5.223972     4.420322      6.84318   59.49614    0.00206    6     2     1
   1    2    6   1.556257    -3.337239    -5.542537      6.46969   59.49614    0.00184    6     2     1
   2    1    6   1.556257    -5.600731     4.547984      7.21473   59.49614    0.00229    6     2     1
   5    0    0   1.555676    -0.353100    -6.546225      6.55574   59.52061    0.00095    3     2     1
   0    5    0   1.555676    -2.461821     5.546605      6.06839   59.52061    0.00081    3     2     1
   0    1    7   1.541117     8.000393    -6.403757      10.2477   59.97781    0.00454    3     1     1
   0    1   -7   1.541117  -154.542248     5.637846      154.645   59.97781    1.03396    3     1     1
   1    0   -7   1.541117     6.361627     7.899428      10.1425   59.97781    0.00445    3     1     1
   1    0    7   1.541117  -145.229901   -53.988770       154.94   59.97781    1.03792    3     1     1
   3    1    5   1.540741  -184.456756   -59.379782      193.779   59.99397    3.24500    6     1     1
   1    3   -5   1.540741  -193.827128    -4.926458       193.89   59.99397    3.24872    6     1     1
   1    3    5   1.540741     2.473055     8.618690      8.96648   59.99397    0.00695    6     1     1
   3    1   -5   1.540741     4.588685    -7.620208      8.89515   59.99397    0.00684    6     1     1
   4    1    3   1.540490  -187.129652   -48.877145      193.408   60.00473    3.23128    6     1     1
   1    4   -3   1.540490  -193.287814   -15.758541      193.929   60.00473    3.24873    6     1     1
   1    4    3   1.540490  -150.896620   -35.622566      155.044   60.00473    2.07654    6     1     1
   4    1   -3   1.540490  -154.383307   -13.380292      154.962   60.00473    2.07433    6     1     1
   5    0    1   1.540364     3.272009    -7.791100      8.45028   60.01012    0.00308    3     1     1
   5    0   -1   1.540364  -153.638316   -16.423913      154.514   60.01012    1.03097    3     1     1
   0    5   -1   1.540364     1.227786     9.179514      9.26126   60.01012    0.00370    3     1     1
   0    5    1   1.540364  -151.271984   -32.599052      154.745   60.01012    1.03405    3     1     1
   0    1    7   1.541117     8.004094    -6.401677      10.2492   60.14057    0.00226    3     2     1
   0    1   -7   1.541117  -154.564617     5.550191      154.664   60.14057    0.51399    3     2     1
   1    0   -7   1.541117     6.359335     7.902823      10.1438   60.14057    0.00221    3     2     1
   1    0    7   1.541117  -145.218045   -54.078846      154.961   60.14057    0.51596    3     2     1
   3    1    5   1.540741  -184.435681   -59.497893      193.795   60.15677    1.61297    6     2     1
   1    3   -5   1.540741  -193.840713    -5.046059      193.906   60.15677    1.61482    6     2     1
   1    3    5   1.540741     2.469606     8.621276      8.96802   60.15677    0.00345    6     2     1
   3    1   -5   1.540741     4.592963    -7.619152      8.89645   60.15677    0.00340    6     2     1
   1    4   -3   1.540490  -193.295450   -15.878820      193.947   60.16757    1.61484    6     2     1
   4    1    3   1.540490  -187.114494   -48.995800      193.423   60.16757    1.60613    6     2     1
   1    4    3   1.540490  -150.895578   -35.713432      155.064   60.16757    1.03226    6     2     1
   4    1   -3   1.540490  -154.395028   -13.469573      154.981   60.16757    1.03116    6     2     1
   5    0    1   1.540364     3.275894    -7.789426      8.45024   60.17297    0.00153    3     2     1
   5    0   -1   1.540364  -153.648115   -16.514378      154.533   60.17297    0.51250    3     2     1
   0    5   -1   1.540364     1.224206     9.182898      9.26414   60.17297    0.00184    3     2     1
   0    5    1   1.540364  -151.272978   -32.688796      154.765   60.17297    0.51403    3     2     1
   3    0   -6   1.497468    46.774269    -3.319973      46.8919   61.91495    0.08857    3     1     1
   3    0    6   1.497468   110.186881    37.314280      116.334   61.91495    0.54516    3     1     1
   0    3   -6   1.497468   116.552624    -3.379991      116.602   61.91495    0.54767    3     1     1
   0    3    6   1.497468    45.861882    11.456116      47.2711   61.91495    0.09001    3     1     1
   3    2    4   1.497180   111.385687    32.593772      116.057   61.92816    1.08462    6     1     1
   2    3   -4   1.497180   116.072626     1.559778      116.083   61.92816    1.08512    6     1     1
   2    3    4   1.497180    -5.416762     4.421527      6.99223   61.92816    0.00394    6     1     1
   3    2   -4   1.497180    -3.334079    -5.779238      6.67201   61.92816    0.00358    6     1     1
   5    0   -2   1.497007    -4.500882     4.849721      6.61647   61.93608    0.00176    3     1     1
   5    0    2   1.497007   112.745605    27.985027      116.167   61.93608    0.54319    3     1     1
   0    5    2   1.497007    -2.146309    -5.647964      6.04203   61.93608    0.00147    3     1     1
   0    5   -2   1.497007   115.751249     6.341211      115.925   61.93608    0.54093    3     1     1
   3    3    0   1.496950    47.453964     4.041234      47.6257   61.93872    0.18258    6     1     1
   3    0   -6   1.497468    46.803462    -3.311728      46.9205   62.08412    0.04407    3     2     1
   3    0    6   1.497468   110.188359    37.377880      116.355   62.08412    0.27104    3     2     1
   0    3   -6   1.497468   116.577356    -3.320020      116.625   62.08412    0.27230    3     2     1
   0    3    6   1.497468    45.888329    11.474339      47.3012   62.08412    0.04479    3     2     1
   3    2    4   1.497180   111.390256    32.656957      116.079   62.09738    0.53925    6     2     1
   2    3   -4   1.497180   116.094378     1.620957      116.106   62.09738    0.53950    6     2     1
   2    3    4   1.497180    -5.421047     4.419662      6.99437   62.09738    0.00196    6     2     1
   3    2   -4   1.497180    -3.330789    -5.782317      6.67303   62.09738    0.00178    6     2     1
   5    0   -2   1.497007    -4.505720     4.848884      6.61915   62.10533    0.00088    3     2     1
   5    0    2   1.497007   112.753233    28.047721      116.189   62.10533    0.27006    3     2     1
   0    5    2   1.497007    -2.142583    -5.650009      6.04262   62.10533    0.00073    3     2     1
   0    5   -2   1.497007   115.769982     6.403514      115.947   62.10533    0.26894    3     2     1
   3    3    0   1.496950    47.482226     4.054351       47.655   62.10798    0.09085    6     2     1
   1    1   -7   1.483965     3.405481    -8.199664      8.87873   62.54145    0.00621    6     1     1
   1    1    7   1.483965     1.351468     9.222616      9.32111   62.54145    0.00685    6     1     1
   3    3   -1   1.483293     4.768363    -8.057889      9.36306   62.57297    0.00690    6     1     1
   3    3    1   1.483293     2.365644     9.266468      9.56367   62.57297    0.00720    6     1     1
   1    1   -7   1.483965     3.409662    -8.198707      8.87945   62.71273    0.00309    6     2     1
   1    1    7   1.483965     1.348146     9.225359      9.32334   62.71273    0.00340    6     2     1
   3    3   -1   1.483293     4.773086    -8.056435      9.36421   62.74435    0.00343    6     2     1
   3    3    1   1.483293     2.361580     9.269429      9.56553   62.74435    0.00358    6     2     1
   4    2    0   1.469976    -2.907519    -7.784591      8.30985   63.20489    0.00532    6     1     1
   2    4    0   1.469976    -5.343535     6.232513       8.2096   63.20489    0.00519    6     1     1
   4    2    0   1.469976    -2.903225    -7.788110      8.31164   63.37842    0.00264    6     2     1
   2    4    0   1.469976    -5.348132     6.230342      8.21095   63.37842    0.00258    6     2     1
   0    2    7   1.457674    16.875542    12.053225       20.738   63.80085    0.01622    3     1     1
   0    2   -7   1.457674     5.732069     7.296389      9.27868   63.80085    0.00325    3     1     1
   2    0   -7   1.457674    20.171210     5.027722      20.7884   63.80085    0.01630    3     1     1
   2    0    7   1.457674     7.444567    -5.533165      9.27564   63.80085    0.00324    3     1     1
   4    0    5   1.457356     1.488554     7.516881      7.66285   63.81643    0.00221    3     1     1
   0    4   -5   1.457356     3.822407    -6.468414       7.5134   63.81643    0.00213    3     1     1
   0    4    5   1.457356    16.872221    12.323552      20.8936   63.81643    0.01645    3     1     1
   4    0   -5   1.457356    19.324449     4.921762      19.9414   63.81643    0.01499    3     1     1
   2    4   -1   1.457037     0.847242     8.374002      8.41675   63.83202    0.00534    6     1     1
   4    2   -1   1.457037    19.705231     8.929172      21.6339   63.83202    0.03526    6     1     1
   2    4    1   1.457037    19.274683     8.532162      21.0787   63.83202    0.03348    6     1     1
   4    2    1   1.457037     2.914934    -7.540416      8.08423   63.83202    0.00492    6     1     1
   0    2    7   1.457674    16.827421    12.079241       20.714   63.97640    0.00804    3     2     1
   0    2   -7   1.457674     5.729545     7.300332      9.28022   63.97640    0.00161    3     2     1
   2    0   -7   1.457674    20.136289     5.070030      20.7648   63.97640    0.00808    3     2     1
   2    0    7   1.457674     7.448282    -5.530658      9.27713   63.97640    0.00161    3     2     1
   4    0    5   1.457356     1.484686     7.519509      7.66468   63.99204    0.00110    3     2     1
   0    4   -5   1.457356     3.827040    -6.467235      7.51474   63.99204    0.00106    3     2     1
   0    4    5   1.457356    16.825424    12.352206      20.8728   63.99204    0.00816    3     2     1
   4    0   -5   1.457356    19.287466     4.962069      19.9155   63.99204    0.00743    3     2     1
   2    4   -1   1.457037     0.844085     8.376457      8.41888   64.00768    0.00265    6     2     1
   4    2   -1   1.457037    19.663893     8.965257      21.6112   64.00768    0.01749    6     2     1
   2    4    1   1.457037    19.231620     8.565898       21.053   64.00768    0.01660    6     2     1
   4    2    1   1.457037     2.919304    -7.539896      8.08532   64.00768    0.00245    6     2     1
   4    1    4   1.444616    -2.212991    -8.696680      8.97383   64.44675    0.00594    6     1     1
   1    4   -4   1.444616    -4.656728     7.712512      9.00933   64.44675    0.00599    6     1     1
   1    4    4   1.444616    -2.164037    -6.023881       6.4008   64.44675    0.00302    6     1     1
   4    1   -4   1.444616    -4.307419     4.921654      6.54038   64.44675    0.00316    6     1     1
   3    3   -2   1.444461    -3.099515    -6.397971      7.10922   64.45450    0.00373    6     1     1
   3    3    2   1.444461    -5.172007     5.196205      7.33145   64.45450    0.00397    6     1     1
   4    1    4   1.444616    -2.208977    -8.699250      8.97533   64.62452    0.00295    6     2     1
   1    4   -4   1.444616    -4.661648     7.711509      9.01101   64.62452    0.00298    6     2     1
   1    4    4   1.444616    -2.160510    -6.026734      6.40229   64.62452    0.00150    6     2     1
   4    1   -4   1.444616    -4.311663     4.920498       6.5423   64.62452    0.00157    6     2     1
   3    3   -2   1.444461    -3.096283    -6.401010      7.11055   64.63230    0.00185    6     2     1
   3    3    2   1.444461    -5.176295     5.194873      7.33353   64.63230    0.00197    6     2     1
   5    0    3   1.432229     2.740495     7.827133      8.29303   65.07247    0.00248    3     1     1
   5    0   -3   1.432229     4.548712     9.739733      10.7496   65.07247    0.00418    3     1     1
   0    5   -3   1.432229     5.197851    -6.704564      8.48344   65.07247    0.00260    3     1     1
   0    5    3   1.432229     6.674435    -8.278215      10.6338   65.07247    0.00409    3     1     1
   5    0    3   1.432229     2.736435     7.829924      8.29432   65.25241    0.00124    3     2     1
   5    0   -3   1.432229     4.545331     9.743357      10.7514   65.25241    0.00208    3     2     1
   0    5   -3   1.432229     5.202745    -6.703253      8.48541   65.25241    0.00129    3     2     1
   0    5    3   1.432229     6.678821    -8.276486      10.6352   65.25241    0.00203    3     2     1
   2    2   -6   1.420574   240.586675     2.241109      240.597   65.67330    4.10141    6     1     1
   2    2    6   1.420574   226.308057    82.015264      240.711   65.67330    4.10529    6     1     1
   4    2    2   1.420181   233.847213    57.084303      240.714   65.69376    4.10265    6     1     1
   2    4   -2   1.420181   238.834074    28.108437      240.482   65.69376    4.09476    6     1     1
   2    4    2   1.420181    -3.721775    -7.196911      8.10229   65.69376    0.00465    6     1     1
   4    2   -2   1.420181    -6.236782     5.728893      8.46863   65.69376    0.00508    6     1     1
   2    2   -6   1.420574   240.596142     2.400555      240.608   65.85533    2.03878    6     2     1
   2    2    6   1.420574   226.264459    82.168897      240.723   65.85533    2.04072    6     2     1
   4    2    2   1.420181   233.820662    57.241526      240.725   65.87586    2.03941    6     2     1
   2    4   -2   1.420181   238.826077    28.267781      240.493   65.87586    2.03548    6     2     1
   2    4    2   1.420181    -3.717434    -7.200313      8.10332   65.87586    0.00231    6     2     1
   4    2   -2   1.420181    -6.241603     5.726900      8.47083   65.87586    0.00253    6     2     1
   1    3   -6   1.397459    -5.953499     7.194119      9.33807   66.90077    0.00594    6     1     1
   1    3    6   1.397459    -6.317416     3.755396      7.34934   66.90077    0.00368    6     1     1
   3    1    6   1.397459    -3.440314    -8.399419      9.07667   66.90077    0.00561    6     1     1
   3    1   -6   1.397459    -4.384084    -5.405678         6.96   66.90077    0.00330    6     1     1
   5    1    0   1.397038    -6.000867     4.999952      7.81089   66.92357    0.00415    6     1     1
   1    5    0   1.397038    -3.785616    -6.184920      7.25149   66.92357    0.00358    6     1     1
   1    3   -6   1.397459    -5.958506     7.192685      9.34016   67.08711    0.00295    6     2     1
   1    3    6   1.397459    -6.321538     3.753089       7.3517   67.08711    0.00183    6     2     1
   3    1    6   1.397459    -3.436143    -8.402395      9.07785   67.08711    0.00279    6     2     1
   3    1   -6   1.397459    -4.381194    -5.409386      6.96106   67.08711    0.00164    6     2     1
   5    1    0   1.397038    -6.005412     4.998682      7.81356   67.10999    0.00207    6     2     1
   1    5    0   1.397038    -3.782134    -6.187978      7.25228   67.10999    0.00178    6     2     1
   1    2   -7   1.386466  -167.823921     4.345735       167.88   67.50208    1.88393    6     1     1
   2    1    7   1.386466  -156.223616   -61.513640      167.898   67.50208    1.88433    6     1     1
   2    1   -7   1.386466     5.089672     8.460497      9.87344   67.50208    0.00652    6     1     1
   1    2    7   1.386466     7.130542    -6.589571      9.70912   67.50208    0.00630    6     1     1
   3    2   -5   1.386192  -168.003533    -4.948835      168.076   67.51722    1.88745    6     1     1
   2    3    5   1.386192  -159.300271   -52.649827      167.775   67.51722    1.88070    6     1     1
   3    2    5   1.386192     1.833982     8.815518      9.00427   67.51722    0.00542    6     1     1
   2    3   -5   1.386192     4.451317    -7.689287      8.88478   67.51722    0.00527    6     1     1
   3    3   -3   1.386009  -166.810400   -14.982865      167.482   67.52731    1.87354    6     1     1
   3    3    3   1.386009  -161.770742   -43.017272      167.393   67.52731    1.87154    6     1     1
   5    1   -1   1.385918     4.210234     9.726770      10.5989   67.53235    0.00750    6     1     1
   5    1    1   1.385918  -163.718872   -33.777757      167.167   67.53235    1.86621    6     1     1
   1    5    1   1.385918     6.772852    -8.242580      10.6683   67.53235    0.00760    6     1     1
   1    5   -1   1.385918  -165.838770   -24.380830      167.621   67.53235    1.87636    6     1     1
   1    2   -7   1.386466  -167.843023     4.239488      167.897   67.69055    0.93667    6     2     1
   2    1    7   1.386466  -156.199832   -61.618609      167.914   67.69055    0.93687    6     2     1
   2    1   -7   1.386466     5.086531     8.464598      9.87533   67.69055    0.00324    6     2     1
   1    2    7   1.386466     7.134866    -6.586839      9.71045   67.69055    0.00313    6     2     1
   3    2   -5   1.386192  -168.017294    -5.055975      168.093   67.70575    0.93842    6     2     1
   2    3    5   1.386192  -159.281842   -52.755504      167.791   67.70575    0.93505    6     2     1
   3    2    5   1.386192     1.829601     8.818319      9.00612   67.70575    0.00269    6     2     1
   2    3   -5   1.386192     4.456495    -7.687988      8.88625   67.70575    0.00262    6     2     1
   3    3   -3   1.386009  -166.817281   -15.090340      167.498   67.71587    0.93150    6     2     1
   3    3    3   1.386009  -161.758992   -43.124098      167.409   67.71587    0.93050    6     2     1
   5    1   -1   1.385918     4.205971     9.730311      10.6004   67.72094    0.00373    6     2     1
   5    1    1   1.385918  -163.712504   -33.884781      167.182   67.72094    0.92784    6     2     1
   1    5    1   1.385918     6.777960    -8.240674        10.67   67.72094    0.00378    6     2     1
   1    5   -1   1.385918  -165.840250   -24.488694      167.639   67.72094    0.93291    6     2     1
   0    0    8   1.375750    -4.978689     3.295409      5.97052   68.09953    0.00039    1     1     1
   0    0   -8   1.375750    -3.079921    -5.010499      5.88141   68.09953    0.00038    1     1     1
   0    0   -8   1.375750    -3.077156    -5.014123      5.88305   68.29015    0.00019    1     2     1
   0    0    8   1.375750    -4.982827     3.292827      5.97254   68.29015    0.00019    1     2     1
