   h    k    l      d (Å)      F(real)      F(imag)          |F|         2θ          I    M ID(λ) Phase
   1    0    0   7.500040   176.715863    22.401814       178.13   11.79957  100.00000    6     1     1
   1    0    1   5.439948    63.739707    23.755527      68.0226   16.29415    7.56363    6     1     1
   1    0   -1   5.439948   -63.836856     1.130314      63.8469   16.29415    6.66351    6     1     1
   1    1    0   4.330150    58.952788     2.597857        59.01   20.51070    3.54493    6     1     1
   0    0    2   3.951100  -130.216747     7.274058       130.42   22.50292    2.38032    1     1     1
   0    0   -2   3.951100  -128.651288   -49.766478      137.941   22.50292    2.66279    1     1     1
   2    0    0   3.750020     2.561727    -2.817415      3.80792   23.72662    0.01090    6     1     1
   1    0   -2   3.495687    96.791706    10.503354      97.3599   25.48087    6.13405    6     1     1
   1    0    2   3.495687    94.969860     9.781088      95.4722   25.48087    5.89849    6     1     1
   2    0    1   3.387894   216.860684    26.665027      218.494   26.30591   28.88440    6     1     1
   2    0   -1   3.387894  -217.231223   -35.969138      220.189   26.30591   29.33431    6     1     1
   1    1   -2   2.918674   194.751671     7.418954      194.893   30.63096   16.61711    6     1     1
   1    1    2   2.918674   192.120698    46.590888      197.689   30.63096   17.09738    6     1     1
   2    1    0   2.834749   156.694306    21.587694      158.174   31.56110   20.52609   12     1     1
   2    0    2   2.719974   220.242133    39.189798      223.702   32.92995   18.72766    6     1     1
   2    0   -2   2.719974   222.896049    23.497188      224.131   32.92995   18.79964    6     1     1
   2    1    1   2.668258    52.292461    11.928674      53.6358   33.58692    2.06284   12     1     1
   2    1   -1   2.668258   -52.605366    -5.815287      52.9258   33.58692    2.00860   12     1     1
   3    0    0   2.500013    59.737373     5.375372      59.9787   35.92161    1.11385    6     1     1
   1    0   -3   2.485249    58.805723     0.740535      58.8104   36.14236    1.05658    6     1     1
   1    0    3   2.485249   -58.660379   -17.843772      61.3143   36.14236    1.14847    6     1     1
   3    0    1   2.383572   -13.490507     1.398587      13.5628   37.74103    0.05109    6     1     1
   3    0   -1   2.383572    12.976725     4.980931      13.8998   37.74103    0.05366    6     1     1
   2    1    2   2.303269    68.227331    14.035414       69.656   39.10943    2.49093   12     1     1
   2    1   -2   2.303269    70.742633     1.429833      70.7571   39.10943    2.57030   12     1     1
   2    2    0   2.165075   282.186309    44.010478      285.598   41.71817   18.13279    6     1     1
   2    0    3   2.155464  -148.039435   -23.657025      149.918   41.91293    4.94465    6     1     1
   2    0   -3   2.155464   148.992523    27.511251      151.511   41.91293    5.05032    6     1     1
   3    0    2   2.112627   143.272774    32.422370      146.896   42.80417    4.52865    6     1     1
   3    0   -2   2.112627   145.484997    10.435858      145.859   42.80417    4.46495    6     1     1
   3    1    0   2.080137   129.611085    18.772061      130.963   43.50651    6.94073   12     1     1
   3    1   -1   2.011609    57.232268     8.517639      57.8626   45.06848    1.25138   12     1     1
   3    1    1   2.011609   -57.145539   -12.402613       58.476   45.06848    1.27805   12     1     1
   0    0   -4   1.975550   245.665097    26.350316      247.074   45.93769    1.82104    1     1     1
   0    0    4   1.975550   240.430275    53.880593      246.394   45.93769    1.81102    1     1     1
   2    1    3   1.929616   -40.948951   -11.852333      42.6297   47.09634    0.61485   12     1     1
   2    1   -3   1.929616    41.710554     2.661868      41.7954   47.09634    0.59102   12     1     1
   1    0   -4   1.910388   116.165261    -0.875391      116.169   47.59947    2.22857    6     1     1
   1    0    4   1.910388   111.639869    33.904059      116.675   47.59947    2.24803    6     1     1
   2    2    2   1.898700   -65.126047    -7.790946      65.5904   47.91076    0.70001    6     1     1
   2    2   -2   1.898700   -63.970899   -22.025812      67.6566   47.91076    0.74481    6     1     1
   4    0    0   1.875010     8.799100    -1.473579      8.92164   48.55484    0.01256    6     1     1
   3    1    2   1.840634    59.783842    12.587211      61.0946   49.52199    1.12670   12     1     1
   3    1   -2   1.840634    61.212313     2.344995      61.2572   49.52199    1.13271   12     1     1
   4    0   -1   1.824357   128.981562    22.864905      130.993   49.99399    2.53450    6     1     1
   4    0    1   1.824357  -128.611243   -23.626562      130.763   49.99399    2.52564    6     1     1
   3    0    3   1.813316     8.455749    -2.853714      8.92431   50.31953    0.01159    6     1     1
   3    0   -3   1.813316    -7.219284    -5.786328      9.25201   50.31953    0.01246    6     1     1
   1    1   -4   1.797331    34.893314    -5.932262       35.394   50.79869    0.17843    6     1     1
   1    1    4   1.797331    31.710181    12.250228      33.9942   50.79869    0.16460    6     1     1
   2    0   -4   1.747844    18.193383   -12.067861      21.8319   52.34424    0.06341    6     1     1
   2    0    4   1.747844    15.238953    11.182282      18.9016   52.34424    0.04753    6     1     1
   3    2    0   1.720627    88.498943    13.366789      89.5027   53.23676    2.05088   12     1     1
   4    0    2   1.693947   148.096562    29.487273      151.004   54.14309    2.80881    6     1     1
   4    0   -2   1.693947   150.110732    19.442962      151.365   54.14309    2.82226    6     1     1
   3    2   -1   1.681234   -32.411248    -5.968426      32.9562   54.58639    0.26266   12     1     1
   3    2    1   1.681234    32.620225     6.778706      33.3171   54.58639    0.26845   12     1     1
   4    1    0   1.636643    33.178562     2.660916      33.2851   56.20331    0.25074   12     1     1
   3    1    3   1.632480    45.391075    11.024956      46.7108   56.35943    0.49072   12     1     1
   3    1   -3   1.632480   -45.593172    -6.113073      46.0012   56.35943    0.47592   12     1     1
   2    1   -4   1.620787   102.090788     5.073144      102.217   56.80277    2.30851   12     1     1
   2    1    4   1.620787    99.309226    26.553613      102.798   56.80277    2.33483   12     1     1
   4    1   -1   1.602631    -7.265591    -2.297701      7.62025   57.50591    0.01248   12     1     1
   4    1    1   1.602631     7.690109     0.759540      7.72753   57.50591    0.01283   12     1     1
   3    2    2   1.577533    67.438219    11.875987      68.4759   58.50866    0.96904   12     1     1
   3    2   -2   1.577533    68.163700     7.764436      68.6045   58.50866    0.97268   12     1     1
   3    0   -4   1.550016    41.335063    -4.028212      41.5309   59.65135    0.17065    6     1     1
   3    0    4   1.550016    38.306094    13.823745      40.7241   59.65135    0.16408    6     1     1
   1    0   -5   1.546478   -34.166209    -5.608464      34.6235   59.80170    0.11794    6     1     1
   1    0    5   1.546478    34.060471     6.828819      34.7383   59.80170    0.11872    6     1     1
   4    0    3   1.527530    96.409491    20.145958      98.4919   60.62076    0.92579    6     1     1
   4    0   -3   1.527530   -97.314324   -17.876664      98.9427   60.62076    0.93429    6     1     1
   4    1   -2   1.512055   111.204234    11.157085      111.763   61.30757    2.32513   12     1     1
   4    1    2   1.512055   109.314056    26.280618      112.429   61.30757    2.35293   12     1     1
   5    0    0   1.500008    87.781724    14.339662      88.9452   61.85378    0.72199    6     1     1
   5    0   -1   1.473693     8.669732     0.292044      8.67465   63.08371    0.00658    6     1     1
   5    0    1   1.473693    -8.357271    -3.605058      9.10167   63.08371    0.00724    6     1     1
   2    2   -4   1.459337   169.236306    18.859084      170.284   63.77691    2.47404    6     1     1
   2    2    4   1.459337   164.980437    42.465320      170.358   63.77691    2.47619    6     1     1
   2    0   -5   1.456383   -84.391962   -14.617378      85.6485   63.92157    0.62281    6     1     1
   2    0    5   1.456383    83.296902    19.581128      85.5675   63.92157    0.62163    6     1     1
   3    3    0   1.443383    15.032174    -0.300926      15.0352   64.56663    0.01878    6     1     1
   3    2    3   1.440525   -26.506996    -5.203236      27.0129   64.71033    0.12065   12     1     1
   3    2   -3   1.440525    25.989424     5.237230      26.5119   64.71033    0.11622   12     1     1
   3    1   -4   1.432472    85.067507     1.895757      85.0886   65.11892    1.18093   12     1     1
   3    1    4   1.432472    81.328895    25.634427      85.2732   65.11892    1.18606   12     1     1
   4    2    0   1.417374    13.369671    -0.082455      13.3699   65.90002    0.02842   12     1     1
   5    0   -2   1.402349    48.304588     0.040583      48.3046   66.69764    0.18080    6     1     1
   5    0    2   1.402349    45.859688    13.279567      47.7437   66.69764    0.17663    6     1     1
   4    2    1   1.395110    87.673879    17.509558      89.4052   67.08935    1.22352   12     1     1
   4    2   -1   1.395110   -87.916209   -17.874368      89.7148   67.08935    1.23201   12     1     1
   4    1    3   1.390154    -6.747588     1.091364      6.83528   67.36044    0.00709   12     1     1
   4    1   -3   1.390154     5.699011     3.617715       6.7503   67.36044    0.00692   12     1     1
   2    1   -5   1.380398   -25.287130    -2.626089      25.4231   67.90101    0.09647   12     1     1
   2    1    5   1.380398    24.452948     7.075777      25.4561   67.90101    0.09672   12     1     1
