   h    k    l      d (Å)      F(real)      F(imag)          |F|         2θ          I    M ID(λ) Phase
   0    2    0   6.888000    20.607586     3.636930      20.9261   12.85227    2.95657    2     1     1
   0    1    1   6.199392   -28.111334    -6.213067      28.7897   14.28692    9.02668    4     1     1
   0    2    1   4.889546   118.322805    25.097853      120.955   18.14301   97.73945    4     1     1
   1    0    0   4.773476    86.323925    17.776681      88.1353   18.58803   24.68502    2     1     1
   1    1    0   4.510377    68.764890    12.985232      69.9802   19.68279   27.66009    4     1     1
   1    1   -1   4.034231    58.896184    10.020317      59.7425   22.03335   15.95429    4     1     1
   1    2    0   3.923419    11.916644     2.376208      12.1512   22.66378    0.62233    4     1     1
   0    3    1   3.829924    25.900893     4.467523      26.2834   23.22465    2.76676    4     1     1
   1    2   -1   3.597872  -167.344078   -22.674633      168.873   24.74553  100.00000    4     1     1
   1    1    1   3.572149  -139.127156   -18.103824        140.3   24.92658   67.97340    4     1     1
   0    0    2   3.471020  -178.347471   -21.424046       179.63   25.66503   52.39055    2     1     1
   0    4    0   3.444000  -205.440438   -25.440643       207.01   25.86986   68.42209    2     1     1
   0    1    2   3.365825   -81.622889   -10.132580      82.2494   26.48152   20.56237    4     1     1
   1    3    0   3.309331   120.408549    16.289118      121.505   26.94203   43.26645    4     1     1
   1    2    1   3.258586   103.633977    10.621033      104.177   27.36969   30.76112    4     1     1
   1    3   -1   3.106874   -66.943258    -7.284425      67.3384   28.73420   11.58886    4     1     1
   0    2    2   3.099696   -13.023681    -2.822531       13.326   28.80217    0.45157    4     1     1
   0    4    1   3.085196    52.272516     6.646938      52.6934   28.94049    6.98875    4     1     1
   1    0   -2   3.015616  -172.115402   -25.548663      174.001   29.62334   36.25067    2     1     1
   1    1   -2   2.945861   -26.281534    -3.623831      26.5302   30.34144    1.60115    4     1     1
   1    3    1   2.880483   117.889691    13.041531      118.609   31.04725   30.45962    4     1     1
   1    4    0   2.792954   -88.566176   -16.558067      90.1007   32.04600   16.41732    4     1     1
   0    3    2   2.768976   -98.906272   -12.684286      99.7163   32.33107   19.72721    4     1     1
   1    2   -2   2.762467   -22.665064    -3.424890      22.9224   32.40934    1.03701    4     1     1
   1    4   -1   2.668009   -34.778261    -5.965168      35.2861   33.59015    2.27392    4     1     1
   1    0    2   2.636949     8.979631    -2.625516      9.35559   33.99776    0.07786    2     1     1
   1    1    2   2.589928   -72.291170   -16.513125      74.1532   34.63431    9.39468    4     1     1
   0    5    1   2.560879    36.083280     7.060734      36.7676   35.03982    2.25173    4     1     1
   1    3   -2   2.520666   -44.191510    -4.559974      44.4262   35.61738    3.17199    4     1     1
   1    4    1   2.520499    27.459785     2.790292      27.6012   35.61983    1.22418    4     1     1
   1    2    2   2.462653     5.871950    -0.333069      5.88139   36.48560    0.05273    4     1     1
   0    4    2   2.444773   135.195000    19.887583       136.65   36.76195   27.99821    4     1     1
   2    0    0   2.386738   -24.276549    -2.692744      24.4254   37.68908    0.42339    2     1     1
   1    5    0   2.386239   -20.804482    -8.026710      22.2992   37.69726    0.70543    4     1     1
   2    1    0   2.351704    98.661318    16.411737      100.017   38.27222   13.72471    4     1     1
   2    1   -1   2.327212   125.313324    18.636463      126.692   38.69094   21.49782    4     1     1
   1    5   -1   2.306897   -50.673696   -11.311995      51.9209   39.04543    3.53841    4     1     1
   0    6    0   2.296000   -50.212537    -9.902214      51.1796   39.23832    1.70036    2     1     1
   1    3    2   2.286730  -112.612140   -20.670096      114.493   39.40394   16.86078    4     1     1
   0    1    3   2.282043    76.870307    15.201502       78.359   39.48823    7.86020    4     1     1
   1    4   -2   2.268791   142.163243    23.737670      144.131   39.72856   26.23734    4     1     1
   2    2    0   2.255188     2.243494    -0.320232      2.26623   39.97838    0.00640    4     1     1
   2    2   -1   2.233563   -39.882145    -5.149789      40.2133   40.38222    1.96958    4     1     1
   1    5    1   2.209537   111.856331    20.457602      113.712   40.84079   15.35732    4     1     1
   0    2    3   2.193539   -81.256052   -14.576571      82.5531   41.15210    7.95817    4     1     1
   0    6    1   2.179868  -122.350552   -21.761119      124.271   41.42200   17.77221    4     1     1
   1    1   -3   2.179471    20.175717     1.923731      20.2672   41.42990    0.47251    4     1     1
   0    5    2   2.157990    32.890690     6.237344      33.4769   41.86157    1.25963    4     1     1
   2    1    1   2.139362  -101.059803   -16.922659      102.467   42.24344   11.56351    4     1     1
   2    3    0   2.117762   106.025311    20.425108      107.975   42.69528   12.53746    4     1     1
   2    0   -2   2.109601   -57.896353   -12.291593      59.1867   42.86860    1.86653    2     1     1
   1    2   -3   2.101981   126.679223    24.497893      129.026   43.03172   17.59019    4     1     1
   2    3   -1   2.099824   -76.826618   -13.333355       77.975   43.07813    6.40876    4     1     1
   1    4    2   2.093712     2.570540     2.486022      3.57603   43.21019    0.01339    4     1     1
   2    1   -2   2.085292   -68.287008   -14.151700       69.738   43.39350    5.04295    4     1     1
   1    6    0   2.069096   -36.174792    -6.495511      36.7533   43.75060    1.37510    4     1     1
   0    3    3   2.066464   -62.291227   -10.927534      63.2425   43.80921    4.05930    4     1     1
   2    2    1   2.065931   -52.521437    -9.814661      53.4306   43.82111    2.89567    4     1     1
   1    5   -2   2.034067     0.984414     2.232687      2.44007   44.54404    0.00582    4     1     1
   2    2   -2   2.017116    -5.697588    -1.664147      5.93565   44.93872    0.03376    4     1     1
   1    6   -1   2.016729   114.465922    19.545861      116.123   44.94781   12.91685    4     1     1
   1    3   -3   1.989379    -6.105353    -1.296856      6.24157   45.60030    0.03612    4     1     1
   2    4    0   1.961709    18.132568     2.494335      18.3033   46.28058    0.30040    4     1     1
   2    3    1   1.958735    53.488768    12.079772      54.8358   46.35495    2.68652    4     1     1
   1    1    3   1.956292   120.410775    17.885197      121.732   46.41622   13.19989    4     1     1
   1    6    1   1.950707   -55.250341    -9.103431      55.9953   46.55693    2.77388    4     1     1
   2    4   -1   1.947426    -9.863959    -1.358903      9.95712   46.64001    0.08736    4     1     1
   0    4    3   1.920726   -30.446131    -3.843933      30.6878   47.32757    0.80271    4     1     1
   2    3   -2   1.916983   -91.721927   -17.653612      93.4054   47.42566    7.40167    4     1     1
   0    6    2   1.914962    32.602543     7.699683      33.4994   47.47878    0.94964    4     1     1
   1    5    2   1.905038    40.446099    10.273059      41.7304   47.74145    1.45529    4     1     1
   1    2    3   1.899673    19.404590     4.806122      19.9909   47.88470    0.33171    4     1     1
   0    7    1   1.893388   -17.724387    -2.282885      17.8708   48.05366    0.26297    4     1     1
   1    4   -3   1.858358    33.503620     6.429003      34.1149   49.01840    0.91599    4     1     1
   2    0    2   1.849328    90.411112    15.813417      91.7836   49.27362    3.27622    2     1     1
   2    4    1   1.833306   -30.850639    -2.666943      30.9657   49.73335    0.73023    4     1     1
   2    1    2   1.832887   -73.516625   -11.603086      74.4266   49.74549    4.21612    4     1     1
   1    6   -2   1.826782    57.490414     9.327420      58.2422   49.92309    2.56099    4     1     1
   1    7    0   1.819437  -106.691721   -17.011555      108.039   50.13850    8.72654    4     1     1
   1    3    3   1.815333   -86.765651   -12.840615      87.7107   50.25974    5.71998    4     1     1
   2    5    0   1.803989   -71.148514   -10.286189      71.8882   50.59797    3.78419    4     1     1
   2    4   -2   1.798936    57.955796    11.456934      59.0774   50.75015    2.53822    4     1     1
   2    5   -1   1.792862  -122.652165   -21.126573      124.458   50.93435   11.17256    4     1     1
   2    2    2   1.786074    -1.854444     2.061808      2.77309   51.14186    0.00550    4     1     1
   1    7   -1   1.783524    37.790263     3.798085      37.9806   51.22028    1.02729    4     1     1
   2    1   -3   1.776687   -75.601900   -12.237373      76.5859   51.43174    4.13799    4     1     1
   0    5    3   1.771964   -82.545168   -17.255217      84.3294   51.57890    4.98451    4     1     1
   1    7    1   1.737370   -50.292721    -6.668697      50.7329   52.68398    1.71899    4     1     1
   0    0    4   1.735510    33.502900     7.401690      34.3108   52.74480    0.39209    2     1     1
   2    2   -3   1.733952   105.983910    17.612504      107.437   52.79585    7.67194    4     1     1
   1    6    2   1.731598    -0.713852     0.928797      1.17143   52.87319    0.00091    4     1     1
   1    5   -3   1.722639   -20.053401    -2.218339      20.1757   53.16970    0.26624    4     1     1
   0    8    0   1.722000   101.234215    20.201280       103.23   53.19098    3.48179    2     1     1
   0    1    4   1.721900    80.204188    14.726755       81.545   53.19432    4.34462    4     1     1
   2    3    2   1.715440   -77.819527   -14.409718      79.1424   53.41049    4.05476    4     1     1
   1    4    3   1.714140     3.722114     1.306749      3.94484   53.45419    0.01006    4     1     1
   0    7    2   1.711973    74.919261    13.185086      76.0706   53.52725    3.72753    4     1     1
   1    0   -4   1.709856   138.356458    21.894462      140.078   53.59882    6.30053    2     1     1
   2    5    1   1.702628   111.299349    19.230029      112.948   53.84468    8.10778    4     1     1
   1    1   -4   1.696836   -31.868449    -6.251291      32.4758   54.04341    0.66469    4     1     1
   0    2    4   1.682913     0.323985     0.933025     0.987675   54.52743    0.00060    4     1     1
   2    5   -2   1.674990    44.291560     8.853910      45.1678   54.80692    1.24538    4     1     1
   0    8    1   1.671348   -70.185249   -11.510687      71.1229   54.93643    3.07136    4     1     1
   2    3   -3   1.669104    59.405173     8.844440        60.06   55.01651    2.18295    4     1     1
   1    2   -4   1.659490    14.803745     2.907291      15.0865   55.36250    0.13579    4     1     1
   2    6    0   1.654666    -1.871632     0.896174      2.07512   55.53785    0.00255    4     1     1
   1    7   -2   1.648094    33.505765     4.743578      33.8399   55.77858    0.67168    4     1     1
   2    6   -1   1.646067    22.671006     4.382204      23.0907   55.85327    0.31179    4     1     1
   0    6    3   1.629849    66.441920    12.620442      67.6299   56.45855    2.61003    4     1     1
   2    4    2   1.629293   -79.683241   -14.706731       81.029   56.47953    3.74355    4     1     1
   0    3    4   1.623433   105.143380    18.422266      106.745   56.70179    6.43923    4     1     1
   1    8    0   1.619824    72.799948    13.282334      74.0017   56.83961    3.07776    4     1     1
   1    5    3   1.605902  -110.196980   -20.214166      112.036   57.37790    6.90561    4     1     1
   1    3   -4   1.602377   -37.039721    -7.823695       37.857   57.51588    0.78419    4     1     1
   1    8   -1   1.594326    48.964373    10.310833      50.0382   57.83369    1.35310    4     1     1
   1    6   -3   1.591219  -110.731223   -21.204598      112.743   57.95732    6.83620    4     1     1
   3    0    0   1.591159   -91.566214   -18.421318      93.4008   57.95973    2.34566    2     1     1
   3    1   -1   1.589886    66.107107    13.925124      67.5578   58.01056    2.44955    4     1     1
   2    4   -3   1.589437    28.934961     4.673131      29.3099   58.02850    0.46074    4     1     1
   3    1    0   1.580650    51.531626     8.816673      52.2804   58.38211    1.44598    4     1     1
   1    7    2   1.577184   118.880830    21.626088      120.832   58.52286    7.68230    4     1     1
   2    6    1   1.575407    42.303322     8.470860      43.1431   58.59528    0.97666    4     1     1
   1    0    4   1.562231   -57.192269   -11.206475      58.2798   59.13834    0.87280    2     1     1
   1    8    1   1.561100   -26.240922    -4.792599       26.675   59.18542    0.36504    4     1     1
   3    2   -1   1.559042    68.689012    13.361063      69.9764   59.27133    2.50393    4     1     1
   2    6   -2   1.553437    18.276093     4.543794      18.8325   59.50671    0.17975    4     1     1
   1    1    4   1.552281    54.258758    12.807842      55.7499   59.55548    1.57235    4     1     1
   3    2    0   1.550331    -8.795177    -2.446580      9.12912   59.63797    0.04203    4     1     1
   0    4    4   1.549848   -30.479087    -6.908731      31.2523   59.65845    0.49220    4     1     1
   2    1    3   1.546088    34.895857     8.392062      35.8908   59.81830    0.64527    4     1     1
   0    8    2   1.542598   -78.166957   -15.831690      79.7541   59.96750    3.16855    4     1     1
   2    5    2   1.535504    50.602905     7.274017       51.123   60.27318    1.28721    4     1     1
   1    4   -4   1.531496  -113.690022   -20.318481      115.491   60.44737    6.52707    4     1     1
   3    0   -2   1.529965    39.553714     7.148163      40.1944   60.51419    0.39432    2     1     1
   1    2    4   1.523536    -6.576153    -1.508504      6.74695   60.79644    0.02199    4     1     1
   3    1   -2   1.520616   -78.688029   -14.274752      79.9723   60.92561    3.07518    4     1     1
   2    7    0   1.518393  -101.708096   -21.306824      103.916   61.02428    5.17358    4     1     1
   2    2    3   1.517680    92.977861    18.960320      94.8914   61.05603    4.30901    4     1     1
   2    7   -1   1.511741    26.203198     6.759469       27.061   61.32169    0.34707    4     1     1
   3    3   -1   1.511400   -46.762559    -9.963710      47.8123   61.33702    1.08286    4     1     1
   2    0   -4   1.507808    94.341655    20.851604      96.6185   61.49896    2.19807    2     1     1
   3    3    0   1.503459    63.675101    10.990198      64.6166   61.69627    1.95234    4     1     1
   2    5   -3   1.502006    66.979916    13.818175      68.3904   61.76248    2.18186    4     1     1
   0    7    3   1.499149    32.709387     5.579372      33.1818   61.89315    0.51122    4     1     1
   2    1   -4   1.498857    21.813933     6.193920      22.6762   61.90652    0.23864    4     1     1
   1    6    3   1.497849   -21.457603    -4.168565      21.8588   61.95275    0.22138    4     1     1
   3    1    1   1.496737   -16.415286    -5.075234       17.182   62.00389    0.13653    4     1     1
   1    8   -2   1.495373   -92.728986   -18.933787      94.6422   62.06671    4.13319    4     1     1
   0    9    1   1.494763   -35.653491    -6.831226       36.302   62.09486    0.60749    4     1     1
   3    2   -2   1.493564    -4.654771     0.884654      4.73809   62.15023    0.01033    4     1     1
   1    3    4   1.478984    70.914746    15.978662      72.6926   62.83224    2.37335    4     1     1
   2    3    3   1.473625   -21.082224    -6.021891      21.9254   63.08696    0.21400    4     1     1
   2    2   -4   1.472930    12.633551     2.804685      12.9411   63.12012    0.07447    4     1     1
   3    2    1   1.470918  -109.325673   -20.706934      111.269   63.21642    5.48685    4     1     1
   1    7   -3   1.468923     0.177288     0.565899      0.59302   63.31224    0.00016    4     1     1
   0    5    4   1.468464   -42.365470    -9.114465      43.3348   63.33430    0.82885    4     1     1
   1    9    0   1.457564     4.093681     2.854415      4.99058   63.86366    0.01079    4     1     1
   2    7    1   1.456456   -16.381354    -6.112234      17.4845   63.91799    0.13225    4     1     1
   1    5   -4   1.452826    17.831998     3.837916      18.2403   64.09672    0.14306    4     1     1
   3    3   -2   1.451518   -88.410332   -17.763009      90.1771   64.16134    3.48899    4     1     1
   3    4   -1   1.451487    29.421483     3.543041       29.634   64.16292    0.37676    4     1     1
   3    4    0   1.444449    83.903865    17.144375      85.6375   64.51324    3.10943    4     1     1
   1    8    2   1.441802   -14.293286    -2.073399      14.4429   64.64604    0.08805    4     1     1
   2    6    2   1.440241    -9.434117    -5.663498      11.0035   64.72464    0.05097    4     1     1
   2    7   -2   1.439044    93.214571    18.442441      95.0215   64.78509    3.79353    4     1     1
   1    9   -1   1.438903    47.428040    10.922014      48.6694   64.79219    0.99497    4     1     1
   2    3   -4   1.432557    40.181655     7.756930      40.9235   65.11457    0.69597    4     1     1
   3    3    1   1.430706    16.831910     3.656088      17.2244   65.20926    0.12291    4     1     1
   1    4    4   1.422704    49.498003    10.399483      50.5787   65.62202    1.04553    4     1     1
   2    4    3   1.417931    41.333200     5.094413       41.646   65.87086    0.70312    4     1     1
   1    9    1   1.414336   -86.221426   -19.664721      88.4355   66.05964    3.15125    4     1     1
   2    6   -3   1.412491   -72.654991   -15.111893        74.21   66.15702    2.21203    4     1     1
   0    9    2   1.400533    -5.732864    -2.161698      6.12688   66.79543    0.01477    4     1     1
   3    1   -3   1.399128   -81.371428   -16.747970      83.0771   66.87133    2.70977    4     1     1
   3    4   -2   1.398205   -36.484090    -6.673681      37.0894   66.92128    0.53924    4     1     1
   2    8    0   1.396477    -8.003384    -1.974797      8.24342   67.01503    0.02656    4     1     1
   1    7    3   1.394519    34.537602     6.530301      35.1495   67.12159    0.48127    4     1     1
   2    8   -1   1.391296    12.415521     2.354761      12.6369   67.29776    0.06186    4     1     1
   0    6    4   1.384488    -5.679900    -2.574548      6.23615   67.67326    0.01489    4     1     1
   3    5   -1   1.383993   -76.646805   -15.852099      78.2689   67.70075    2.34367    4     1     1
   0    8    3   1.381462    39.669946     6.627042      40.2197   67.84162    0.61618    4     1     1
   0    1    5   1.381410   -80.671573   -16.409939      82.3237   67.84451    2.58133    4     1     1
   2    4   -4   1.381233   -89.839907   -19.413296      91.9135   67.85436    3.21677    4     1     1
   3    4    1   1.379574   -23.326432    -5.410376      23.9457   67.94711    0.21771    4     1     1
   1    1   -5   1.379339   -52.056184   -11.004356      53.2066   67.96028    1.07444    4     1     1
   3    2   -3   1.377970     4.379680    -0.112543      4.38113   68.03702    0.00727    4     1     1
   3    5    0   1.377888   -24.642607    -5.445598      25.2371   68.04162    0.24113    4     1     1
   0   10    0   1.377600    58.239306    13.599876      59.8061   68.05779    0.67673    2     1     1
   3    0    2   1.375224    97.638496    21.134145      99.8996   68.19151    1.88052    2     1     1
   1    6   -4   1.371359   -38.751662    -7.909145      39.5505   68.41032    0.58560    4     1     1
