   h    k    l      d (Å)      F(real)      F(imag)          |F|         2θ          I    M ID(λ) Phase
   2    0    0   5.062500    55.228794     3.940521      55.3692   17.51822    0.48108    6     1     1
   2    1    1   4.133514   170.527552    17.276719        171.4   21.49775   12.08399   24     1     1
   2    2    0   3.579728   -15.910644    -0.076366      15.9108   24.87296    0.03839   12     1     1
   2    2    2   2.922836  1229.757011   149.587105      1238.82   30.58628  100.00000    8     1     1
   2    3    1   2.706020    44.319695    16.679063      47.3543   33.10463    0.36954   24     1     1
   3    2    1   2.706020  -112.169425   -17.046500      113.457   33.10463    2.12133   24     1     1
   4    0    0   2.531250   942.429701   145.257271      953.558   35.46351   32.24429    6     1     1
   4    1    1   2.386485  -172.845265   -30.691287      175.549   37.69322    3.82316   24     1     1
   2    4    0   2.264019   114.338498    18.356480      115.803   39.81584    0.73678   12     1     1
   4    2    0   2.264019   -93.283475   -10.881829       93.916   39.81584    0.48460   12     1     1
   3    3    2   2.158657  -225.201777   -17.788345      225.903   41.84802    5.01833   24     1     1
   4    2    2   2.066757   120.420433    14.745500       121.32   43.80268    1.30644   24     1     1
   3    4    1   1.985676   260.976142    31.320406      262.849   45.69014    5.57588   24     1     1
   4    3    1   1.985676  -263.108611   -31.334590      264.968   45.69014    5.66614   24     1     1
   2    5    1   1.848564   131.532011    17.258327      132.659   49.29536    1.19553   24     1     1
   5    2    1   1.848564   148.288490    17.376654      149.303   49.29536    1.51434   24     1     1
   4    4    0   1.789864  1044.544329   132.701442      1052.94   51.02580   34.81407   12     1     1
   4    3    3   1.736423   204.392490    31.017276      206.733   52.71493    2.49217   24     1     1
   6    0    0   1.687500   199.482336    30.328110      201.775   54.36696    0.55325    6     1     1
   4    4    2   1.687500    43.880897     3.986852      44.0616   54.36696    0.10553   24     1     1
   3    5    2   1.642492   127.766246    17.285441       128.93   55.98552    0.84530   24     1     1
   5    3    2   1.642492   -98.474701   -17.054813      99.9406   55.98552    0.50791   24     1     1
   6    1    1   1.642492   270.304090    39.111084      273.119   55.98552    3.79319   24     1     1
   6    2    0   1.600903   200.082103    26.725931      201.859   57.57379    0.97243   12     1     1
   2    6    0   1.600903  -156.047324   -26.370384       158.26   57.57379    0.59773   12     1     1
   4    5    1   1.562321  -250.169032   -31.473577      252.141   59.13455    2.85698   24     1     1
   5    4    1   1.562321  -265.011909   -31.596384      266.889   59.13455    3.20096   24     1     1
   6    2    2   1.526401   793.856732   123.016912      803.332   60.67031   27.38356   24     1     1
   3    6    1   1.492850  -262.947531   -39.157938      265.847   62.18327    2.83940   24     1     1
   6    3    1   1.492850   277.421459    39.283418      280.189   62.18327    3.15402   24     1     1
   4    4    4   1.461418   668.598721   116.474445      678.668   63.67543    5.85519    8     1     1
   4    5    3   1.431891   167.781397    30.844320      170.593   65.14860    1.05615   24     1     1
   5    4    3   1.431891  -154.965324   -30.728212      157.983   65.14860    0.90578   24     1     1
   6    4    0   1.404085   306.765944    45.303328      310.093   66.60443    1.66436   12     1     1
   4    6    0   1.404085    99.503914    15.733293       100.74   66.60443    0.17566   12     1     1
   6    3    3   1.377838  -189.570992   -38.573618      193.456   68.04442    1.23863   24     1     1
   5    5    2   1.377838    95.705693    17.095478      97.2205   68.04442    0.31282   24     1     1
   2    7    1   1.377838   195.990970    18.042522       196.82   68.04442    1.28208   24     1     1
   7    2    1   1.377838   -90.160861   -17.043116      91.7576   68.04442    0.27865   24     1     1
