   h    k    l      d (Å)      F(real)      F(imag)          |F|         2θ          I    M ID(λ) Phase
   0    0    1   6.780000   106.149864    12.638513        106.9   13.05788   90.77270    2     1     1
   1    0    0   3.975057    24.445433     1.614759      24.4987   22.36554    4.73946    6     1     1
   1    0    1   3.429147   -19.253792    -4.900531      19.8677   25.98388    2.27602    6     1     1
   0    1    1   3.429147   130.517719    17.545460      131.692   25.98388  100.00000    6     1     1
   0    0    2   3.390000    -3.824139    -2.595940      4.62201   26.28927    0.04006    2     1     1
   0    1    2   2.579384   142.834487    20.875883      144.352   34.78040   64.29052    6     1     1
   1    0    2   2.579384    56.909022     7.003497      57.3383   34.78040   10.14359    6     1     1
   1    1    0   2.295000   145.141265    22.053922      146.807   39.25611   50.94507    6     1     1
   0    0    3   2.260000    -1.984937    -2.595940      3.26786   39.88965    0.00812    2     1     1
   1    1    1   2.173838    87.491844    12.638513         88.4   41.54220   32.56821   12     1     1
   2    0    0   1.987528    22.392852     1.614759       22.451   45.64515    0.84989    6     1     1
   0    1    3   1.964665    52.809412     7.003497      53.2718   46.20691    4.65444    6     1     1
   1    0    3   1.964665   131.279631    20.875883      132.929   46.20691   28.98101    6     1     1
   0    2    1   1.907267   -14.295475    -4.900531      15.1121   47.68218    0.34881    6     1     1
   2    0    1   1.907267   111.279044    17.545460      112.654   47.68218   19.38339    6     1     1
   1    1    2   1.900451    -1.392145    -2.595940      2.94567   47.86386    0.02628   12     1     1
   0    2    2   1.714573    50.382476     7.003497      50.8669   53.43962    3.04892    6     1     1
   2    0    2   1.714573   124.826999    20.875883      126.561   53.43962   18.87438    6     1     1
   0    0    4   1.695000    80.265098    12.638513       81.254   54.10671    2.52104    2     1     1
   1    1    3   1.610293    -1.000521    -2.595940      2.78208   57.20695    0.01563   12     1     1
   1    0    4   1.559169   102.898999    17.545460      104.384   59.26604   10.15649    6     1     1
   0    1    4   1.559169   -12.819874    -4.900531      13.7246   59.26604    0.17558    6     1     1
   2    1    0   1.502430    20.481639     1.614759      20.5452   61.74313    0.71822   12     1     1
   2    0    3   1.492481    47.673048     7.003497      48.1847   62.20035    1.94330    6     1     1
   0    2    3   1.492481   117.807501    20.875883      119.643   62.20035   11.98101    6     1     1
   1    2    1   1.466847   100.194283    17.545460      101.719   63.41227   16.60092   12     1     1
   2    1    1   1.466847   -12.386670    -4.900531      13.3208   63.41227    0.28470   12     1     1
   2    1    2   1.373574    45.952215     7.003497      46.4828   68.28471    2.95961   12     1     1
   1    2    2   1.373574   113.384352    20.875883       115.29   68.28471   18.20676   12     1     1
