   h    k    l      d (Å)      F(real)      F(imag)          |F|         2θ          I    M ID(λ) Phase
   0    1    1   9.754379   170.040889    23.381290      171.641    9.06600   39.28710    4     1     1
   0    2    0   9.119250   410.034374    60.805282      414.518    9.69888  100.00000    2     1     1
   0    2    1   7.155897   -83.203680    -2.840206      83.2521   12.36920    4.93455    4     1     1
   0    0    2   5.772069   -76.043781    -5.637919      76.2525   15.35077    1.33424    2     1     1
   0    1    2   5.503057   -43.622407   -13.065924      45.5372   16.10604    0.86273    4     1     1
   0    3    1   5.379162     4.755249    -9.729657      10.8295   16.47955    0.04656    4     1     1
   0    2    2   4.877189  -205.757612   -24.454446      207.206   18.18937   13.91935    4     1     1
   0    4    0   4.559625   158.595825    16.672581       159.47   19.46812    3.58378    2     1     1
   1    1    0   4.393891    -8.832115     2.365353      9.14337   20.21000    0.02181    4     1     1
   1    0   -1   4.282843    76.421380    -0.314780       76.422   20.73974    0.72206    2     1     1
   0    4    1   4.240817   -22.985363    -2.051833      23.0768   20.94758    0.12898    4     1     1
   0    3    2   4.185935  -260.652361   -32.576084       262.68   21.22539   16.26182    4     1     1
   1    1   -1   4.169430    35.208175    15.543170      38.4864   21.31039    0.34620    4     1     1
   1    0    1   4.149743   -80.586991    -8.312739      81.0146   21.41268    0.75943    2     1     1
   1    2    0   4.055026    -9.639494     3.313473      10.1931   21.91896    0.02290    4     1     1
   1    1    1   4.046329   117.968670    18.440124      119.401   21.96665    3.12855    4     1     1
   1    2   -1   3.876599    64.159072     2.818076      64.2209   22.94119    0.82676    4     1     1
   1    2    1   3.777065  -143.098488    -9.937359      143.443   23.55429    3.90339    4     1     1
   0    1    3   3.765156    49.202491    13.350222      50.9815   23.62986    0.48978    4     1     1
   1    3    0   3.631052    47.653936     2.634353      47.7267   24.51589    0.39736    4     1     1
   0    4    2   3.577948  -316.190997   -46.110131      319.535   24.88553   17.26000    4     1     1
   1    1   -2   3.574662   332.114412    43.639837      334.969   24.90877   18.93042    4     1     1
   0    2    3   3.545332   -41.716698    -6.493516      42.2191   25.11820    0.29547    4     1     1
   1    3   -1   3.501269   151.429795    19.365199      152.663   25.43957    3.76136    4     1     1
   0    5    1   3.478195  -158.606744   -21.461496      160.052   25.61119    4.07612    4     1     1
   1    3    1   3.427416   200.768901    26.941425      202.568   25.99723    6.32648    4     1     1
   1    1    2   3.422635  -344.369105   -47.132087       347.58   26.03418   18.57052    4     1     1
   1    2   -2   3.384935   330.695092    39.346338      333.028   26.32932   16.64695    4     1     1
   1    2    2   3.255007   260.454628    36.715088       263.03   27.40037    9.54359    4     1     1
   0    3    3   3.251460  -184.544791   -19.830239      185.607   27.43085    4.74097    4     1     1
   1    4    0   3.212628  -256.929904   -31.859156      258.898   27.76901    8.98740    4     1     1
   1    3   -2   3.126404   327.771054    42.875241      330.563   28.55088   13.81099    4     1     1
   1    4   -1   3.121693    36.896109     7.991630      37.7517   28.59489    0.17954    4     1     1
   0    5    2   3.083563  -304.908342   -39.766356      307.491   28.95614   11.59640    4     1     1
   1    4    1   3.069010   -79.302739   -11.716631      80.1636   29.09648    0.78007    4     1     1
   0    6    0   3.039750    85.498541     7.421250        85.82   29.38282    0.43776    2     1     1
   1    3    2   3.023168  -334.150466   -44.051139      337.042   29.54765   13.34320    4     1     1
   1    0   -3   3.001583   -53.572752    -2.940546      53.6534   29.76503    0.16643    2     1     1
   1    1   -3   2.961742    91.558033    16.280307      92.9942   30.17487    0.97110    4     1     1
   0    4    3   2.940755     1.853368    -1.316632      2.27343   30.39539    0.00057    4     1     1
   0    6    1   2.939551   -27.888622    -1.401904      27.9238   30.40814    0.08612    4     1     1
   0    0    4   2.886035   -27.916657    -1.064902       27.937   30.98602    0.04139    2     1     1
   1    0    3   2.867062   102.328739    16.297154      103.618   31.19628    0.56122    2     1     1
   1    2   -3   2.851111    31.028172     3.095805      31.1822   31.37529    0.10040    4     1     1
   0    1    4   2.850567     9.746884     4.422853      10.7034   31.38143    0.01182    4     1     1
   1    4   -2   2.847263   183.976008    33.648748      187.028   31.41879    3.60125    4     1     1
   1    5    0   2.840427     2.588171     1.543212      3.01333   31.49636    0.00093    4     1     1
   1    1    3   2.832281   120.474727    16.301578      121.573   31.58932    1.50399    4     1     1
   1    5   -1   2.776994  -118.682349   -14.477074      119.562   32.23517    1.39246    4     1     1
   1    4    2   2.768626   197.193603    29.349160      199.366   32.33527    3.84580    4     1     1
   0    2    4   2.751529  -138.318060   -19.001831      139.617   32.54175    1.86030    4     1     1
   1    5    1   2.739711   -71.057228    -3.727684      71.1549   32.68604    0.47858    4     1     1
   1    2    3   2.735072    81.292177    10.211256       81.931   32.74304    0.63213    4     1     1
   1    3   -3   2.691422   163.930928    23.102857      165.551   33.28940    2.48993    4     1     1
   0    6    2   2.689581  -167.608943   -24.898949      169.448   33.31285    2.60457    4     1     1
   0    5    3   2.647308  -253.914376   -32.756445      256.019   33.86071    5.73866    4     1     1
   0    3    4   2.607177   167.984267    21.391927      169.341   34.39801    2.42607    4     1     1
   1    3    3   2.593164   151.589034    22.794939      153.293   34.58973    1.96410    4     1     1
   1    5   -2   2.578487   226.013137    31.471145      228.194   34.79288    4.29710    4     1     1
   0    7    1   2.541570    63.400019     7.559019       63.849   35.31475    0.32565    4     1     1
   1    6    0   2.523655  -463.872699   -74.496280      469.817   35.57379   17.35203    4     1     1
   1    5    2   2.519649  -225.452574   -30.801377      227.547   35.63225    4.05578    4     1     1
   1    4   -3   2.507112    80.679249    10.032916      81.3007   35.81646    0.51194    4     1     1
   1    6   -1   2.478852   109.026103     9.003074      109.397   36.23886    0.90338    4     1     1
   1    1   -4   2.463700  -399.584026   -60.450030      404.131   36.46956   12.15772    4     1     1
   1    6    1   2.452226  -102.253050   -10.560241      102.797   36.64625    0.77832    4     1     1
   0    4    4   2.438595  -262.677903   -40.483854      265.779   36.85844    5.13718    4     1     1
   1    4    3   2.427117     4.384140     1.067178      4.51216   37.03907    0.00146    4     1     1
   1    2   -4   2.398914   197.495269    31.959915      200.065   37.49063    2.80386    4     1     1
   0    6    3   2.385299    34.506187     7.738455      35.3633   37.71268    0.08647    4     1     1
   0    7    2   2.374768  -296.805620   -42.238803      299.796   37.88628    6.15188    4     1     1
   1    1    4   2.363843   383.022542    55.708207      387.053   38.06810   10.14620    4     1     1
   1    6   -2   2.334588    80.694808     8.950370      81.1897   38.56387    0.43385    4     1     1
   1    5   -3   2.317762    38.441709    -4.608250      38.7169   38.85501    0.09703    4     1     1
   1    2    4   2.306441   202.791299    34.449217      205.697   39.05345    2.70803    4     1     1
   1    3   -4   2.301440  -300.803167   -39.227531       303.35   39.14178    5.86020    4     1     1
   1    6    2   2.290647    54.470787     3.630128      54.5916   39.33378    0.18774    4     1     1
   0    1    5   2.290547   175.773088    24.382667      177.456   39.33557    1.98357    4     1     1
   0    8    0   2.279813   126.928207    18.059429      128.207   39.52848    0.51208    2     1     1
   2    0    0   2.263617  -568.107054   -82.315083       574.04   39.82322   10.09796    2     1     1
   0    5    4   2.263305   308.264089    46.085819       311.69   39.82893    5.95233    4     1     1
   1    7    0   2.258220   -16.999925    -0.606816      17.0108   39.92243    0.01764    4     1     1
   1    5    3   2.254119    26.124788    -5.079288       26.614   39.99815    0.04299    4     1     1
   2    1    0   2.246381   -16.421694    -2.237716      16.5735   40.14184    0.01654    4     1     1
   0    2    5   2.238206   -55.681660   -11.489280      56.8546   40.29481    0.19299    4     1     1
   0    8    1   2.236615   -96.245747    -5.421412      96.3983   40.32473    0.55389    4     1     1
   1    7   -1   2.225949  -231.938374   -33.843865      234.395   40.52641    3.23859    4     1     1
   2    1   -1   2.224320  -249.638823   -35.676944      252.175   40.55738    3.74220    4     1     1
   1    3    4   2.219415   256.887352    36.806760      259.511   40.65098    3.94277    4     1     1
   1    7    1   2.206608  -150.339200   -21.774458      151.908   40.89742    1.33290    4     1     1
   2    2    0   2.196946  -359.114658   -56.335053      363.507   41.08540    7.55470    4     1     1
   2    1    1   2.186218   -73.445327   -11.066206      74.2743   41.29619    0.31182    4     1     1
   1    4   -4   2.182995   151.226585    24.132747       153.14   41.35995    1.32102    4     1     1
   2    2   -1   2.176296   -32.715641    -1.829214      32.7667   41.49312    0.06005    4     1     1
   0    3    5   2.158417     1.138615    -4.105017         4.26   41.85289    0.00100    4     1     1
   0    7    3   2.157465   -22.834609    -6.186520      23.6578   41.87222    0.03067    4     1     1
   2    0   -2   2.141422    81.284100     9.628619      81.8524   42.20086    0.18039    2     1     1
   2    2    1   2.140570    47.939646     4.870903      48.1865   42.21846    0.12492    4     1     1
   1    6   -3   2.135806     5.090438     4.226632      6.61642   42.31715    0.00234    4     1     1
   2    1   -2   2.126812   -87.983842   -12.474788      88.8638   42.50476    0.41845    4     1     1
   2    3    0   2.121342    -2.185303    -4.898170      5.36355   42.61970    0.00152    4     1     1
   0    8    2   2.120408    77.563664    18.961535      79.8477   42.63939    0.33546    4     1     1
   1    7   -2   2.119724    55.874341     8.313507      56.4894   42.65383    0.16777    4     1     1
   1    4    4   2.112620   181.542882    28.221463      183.723   42.80430    1.76069    4     1     1
   2    3   -1   2.102734   -27.631684    -1.536809      27.6744   43.01554    0.03951    4     1     1
   1    0   -5   2.096568  -148.665138   -19.675802      149.962   43.14837    0.57607    2     1     1
   0    6    4   2.092967  -142.779816   -22.397687      144.526   43.22634    1.06581    4     1     1
   1    7    2   2.086670   -35.309250    -7.520981      36.1014   43.36338    0.06603    4     1     1
   1    6    3   2.085697    15.332250     1.055274      15.3685   43.38464    0.01195    4     1     1
   2    2   -2   2.084715   190.035217    27.043715       191.95   43.40612    1.86257    4     1     1
   1    1   -5   2.082852    85.697398    15.317086      87.0555   43.44691    0.38231    4     1     1
   2    0    2   2.074872    40.737183    -0.697226      40.7431   43.62257    0.04149    2     1     1
   2    3    1   2.070457    78.606136    18.583882       80.773   43.72036    0.32451    4     1     1
   2    1    2   2.061574    66.949781    11.990025       68.015   43.91853    0.22776    4     1     1
   0    4    5   2.059809     0.650043    -3.797129      3.85237   43.95813    0.00073    4     1     1
   1    5   -4   2.054558  -125.602549   -18.838730      127.007   44.07636    0.78781    4     1     1
   1    2   -5   2.043264  -100.224566    -9.971783      100.719   44.33287    0.48901    4     1     1
   1    8    0   2.036204  -487.625665   -71.983292       492.91   44.49478   11.61597    4     1     1
   2    4    0   2.027513  -130.212836   -14.735819      131.044   44.69579    0.81272    4     1     1
   2    2    2   2.023164   123.611562    17.933418      124.906   44.79706    0.73460    4     1     1
   2    3   -2   2.019786  -202.162767   -29.487757      204.302   44.87606    1.95753    4     1     1
   1    0    5   2.019206    62.182583    10.465392      63.0571   44.88966    0.09318    2     1     1
   1    8   -1   2.012451    45.947714     6.170545      46.3602   45.04858    0.09993    4     1     1
   2    4   -1   2.011248   -27.184933     1.176376      27.2104   45.07702    0.03438    4     1     1
   1    1    5   2.006944    68.520783    13.027098      69.7481   45.17902    0.22471    4     1     1
   1    8    1   1.998126   -49.714140    -6.652728      50.1573   45.38951    0.11499    4     1     1
   0    9    1   1.995980   158.898653    29.124566      161.546   45.44104    1.18983    4     1     1
   1    5    4   1.995566   142.585646    18.513586      143.783   45.45099    0.94209    4     1     1
   2    4    1   1.982948    70.959739     7.843931       71.392   45.75656    0.22877    4     1     1
   1    3   -5   1.982020   121.579913    21.676633      123.497   45.77920    0.68380    4     1     1
   2    1   -3   1.980134    -0.753684   -10.115609      10.1436   45.82527    0.00460    4     1     1
   1    2    5   1.971456    72.152533     2.705702      72.2032   46.03857    0.23077    4     1     1
   1    7   -3   1.967608   -74.086360   -18.136825      76.2741   46.13380    0.25632    4     1     1
   2    3    2   1.963659   193.034947    30.646714      195.453   46.23197    1.67506    4     1     1
   0    8    3   1.961418    54.972130     7.065377      55.4243   46.28786    0.13433    4     1     1
   0    5    5   1.950876   -52.226706   -14.316666      54.1534   46.55267    0.12659    4     1     1
   2    2   -3   1.946026   -47.501016   -13.042809      49.2591   46.67555    0.10412    4     1     1
   2    4   -2   1.938299   246.779034    46.075390      251.043   46.87270    2.67859    4     1     1
   0    7    4   1.933962   379.477364    57.633145      383.829   46.98413    6.22798    4     1     1
   1    8   -2   1.932929   106.598194    14.050118       107.52   47.01075    0.48808    4     1     1
   1    7    3   1.928222   -62.382099   -18.622434      65.1024   47.13245    0.17789    4     1     1
   1    6   -4   1.924617    39.393995     0.066578      39.3941   47.22610    0.06484    4     1     1
   0    0    6   1.924023   478.732214    77.800999      485.013   47.24155    4.91098    2     1     1
   2    5    0   1.923371   -44.870904    -5.002671      45.1489   47.25853    0.08504    4     1     1
   1    3    5   1.916276    79.160574    15.054802      80.5794   47.44423    0.26849    4     1     1
   0    1    6   1.913406   -61.832767    -9.781037      62.6016   47.51977    0.16146    4     1     1
   0    9    2   1.912080  -277.207031   -44.464057       280.75   47.55475    3.24207    4     1     1
   2    5   -1   1.909469    74.523996    13.714467      75.7754   47.62378    0.23540    4     1     1
   1    8    2   1.907768    75.300546     9.237744      75.8651   47.66889    0.23545    4     1     1
   1    4   -5   1.904849   -11.423630     3.193306      11.8616   47.74648    0.00573    4     1     1
   2    1    3   1.902223   -19.608489   -11.306080      22.6345   47.81649    0.02081    4     1     1
   2    3   -3   1.892897   139.101338    20.619543      140.621   48.06691    0.79382    4     1     1
   2    4    2   1.888532   258.393669    40.778885      261.592   48.18503    2.73180    4     1     1
   2    5    1   1.885202   133.425962    26.090061      135.953   48.27557    0.73473    4     1     1
   0    2    6   1.882578   353.865044    55.747524      358.229   48.34714    5.08405    4     1     1
   1    6    4   1.875870    38.080927     4.368410      38.3307   48.53115    0.05771    4     1     1
   2    2    3   1.871924   -17.129682    -0.686658      17.1434   48.64005    0.01148    4     1     1
   1    9    0   1.849650    -8.922725    -2.378698      9.23435   49.26449    0.00324    4     1     1
   2    5   -2   1.846712  -200.432539   -33.664716       203.24   49.34809    1.56198    4     1     1
   1    4    5   1.846268   -14.081831    -7.061547      15.7532   49.36074    0.00938    4     1     1
   0    6    5   1.838604   101.621256    11.198210      102.236   49.58035    0.39105    4     1     1
   0    3    6   1.834352   -79.693762   -15.124338      81.1162   49.70304    0.24479    4     1     1
   1    9   -1   1.831791   -80.188350   -11.208456      80.9679   49.77726    0.24307    4     1     1
   2    4   -3   1.825332   -80.847848   -12.028572      81.7378   49.96547    0.24559    4     1     1
   2    3    3   1.824492   157.934986    20.252217      159.228   49.99003    0.93094    4     1     1
   0   10    0   1.823850   -26.684718    -0.769770      26.6958   50.00885    0.01307    2     1     1
   2    0   -4   1.822682   -26.759523    -4.255265      27.0957   50.04309    0.01345    2     1     1
   1    9    1   1.820968     2.178676    -0.028133      2.17886   50.09346    0.00017    4     1     1
   1    5   -5   1.817713   -71.299633    -5.393682      71.5034   50.18935    0.18604    4     1     1
   2    6    0   1.815526   -53.495157    -6.509607      53.8898   50.25402    0.10536    4     1     1
   1    8   -3   1.815506   -42.500427    -7.480624      43.1537   50.25462    0.06756    4     1     1
   2    1   -4   1.813648    19.568316     3.881453      19.9496   50.30967    0.01440    4     1     1
   2    6   -1   1.803820    11.768402     4.468466      12.5882   50.60305    0.00566    4     1     1
   2    5    2   1.803519   246.724069    39.238970      249.825   50.61209    2.22806    4     1     1
   0   10    1   1.801505  -111.413332   -11.944007      112.052   50.67266    0.44700    4     1     1
   1    7   -4   1.798816   -64.043115   -10.024293      64.8229   50.75379    0.14906    4     1     1
   0    9    3   1.793054    74.828420    15.590915      76.4354   50.92852    0.20563    4     1     1
   1    1   -6   1.792383    -8.708545    -1.746443      8.88194   50.94896    0.00277    4     1     1
   0    8    4   1.788974    94.400245    16.646393      95.8567   51.05300    0.32160    4     1     1
   2    2   -4   1.787331   109.438847    13.649269      110.287   51.10331    0.42477    4     1     1
   1    8    3   1.784428    26.864870     5.515224      27.4252   51.19247    0.02616    4     1     1
   2    6    1   1.783320    99.595908    10.365490      100.134   51.22658    0.34824    4     1     1
   0    4    6   1.772666   151.975027    18.959730      153.153   51.55697    0.80281    4     1     1
   1    9   -2   1.771212   -74.329216   -13.316005      75.5126   51.60240    0.19477    4     1     1
   1    2   -6   1.766968   -22.485540    -0.663357      22.4953   51.73551    0.01718    4     1     1
   1    5    5   1.766601  -123.063076   -15.305909      124.011   51.74704    0.52197    4     1     1
   2    4    3   1.763763   -49.394913    -9.247326      50.2531   51.83650    0.08538    4     1     1
   1    7    4   1.758826    59.111952     9.738993      59.9089   51.99286    0.12051    4     1     1
   1    9    2   1.751792    72.793142    13.954760      74.1187   52.21735    0.18265    4     1     1
   2    6   -2   1.750634   148.201631    23.998844      150.132   52.25448    0.74819    4     1     1
   2    5   -3   1.748233   226.165850    32.218998      228.449   52.33168    1.72657    4     1     1
   2    3   -4   1.745905   133.072425    20.491301      134.641   52.40677    0.59778    4     1     1
   2    0    4   1.742270    25.908701     4.153947      26.2396   52.52446    0.01129    2     1     1
   0   10    2   1.739097   204.554474    31.215312      206.923   52.62764    1.39843    4     1     1
   2    1    4   1.734375     0.806832    -3.815840      3.90021   52.78200    0.00049    4     1     1
   1    1    6   1.733984    37.089102     6.279272      37.6169   52.79483    0.04588    4     1     1
   0    7    5   1.727999    50.416444     9.457736      51.2959   52.99189    0.08460    4     1     1
   1    3   -6   1.726911    82.865934    13.570624      83.9698   53.02790    0.22635    4     1     1
   1    6   -5   1.725872   -32.552526    -1.284693      32.5779   53.06231    0.03402    4     1     1
   2    6    2   1.713708   133.873542    23.038615      135.841   53.46875    0.58131    4     1     1
   2    2    4   1.711317   126.987838    20.889990      128.695   53.54940    0.51996    4     1     1
   1    2    6   1.710941    -8.658082    -0.058301      8.65828   53.56211    0.00235    4     1     1
   2    7    0   1.708798   -17.635475    -4.075641      18.1003   53.63465    0.01025    4     1     1
   0    5    6   1.701798   -13.190913    -1.182828      13.2438   53.87305    0.00543    4     1     1
   2    7   -1   1.699027   -81.171284    -8.878625      81.6554   53.96804    0.20565    4     1     1
   2    5    3   1.693916   199.785985    32.101210      202.349   54.14415    1.25353    4     1     1
   2    4   -4   1.692468   225.824680    35.774361      228.641   54.19430    1.59708    4     1     1
   1   10    0   1.691728  -226.638297   -32.934235      229.019   54.21995    1.60064    4     1     1
   1    6    5   1.681941    10.486822    -0.215343       10.489   54.56154    0.00331    4     1     1
   2    7    1   1.681863   -26.960071    -5.708579      27.5578   54.56428    0.02284    4     1     1
   1    8   -4   1.680395    34.222547     5.279811      34.6274   54.61594    0.03599    4     1     1
   1    9   -3   1.679550   100.525442     8.347135      100.871   54.64570    0.30504    4     1     1
   1   10   -1   1.678032     7.201542     5.074570      8.80985   54.69928    0.00232    4     1     1
   1    4   -6   1.675147  -187.729534   -30.984343      190.269   54.80136    1.07833    4     1     1
   2    3    4   1.674851  -133.509573   -18.468869      134.781   54.81188    0.54086    4     1     1
   1    3    6   1.674498   -82.749175    -8.929888      83.2296   54.82438    0.20614    4     1     1
   1   10    1   1.669699     0.154734    -3.210148      3.21388   54.99525    0.00031    4     1     1
   2    6   -3   1.666067   -39.850033    -4.275141      40.0787   55.12534    0.04721    4     1     1
   0    9    4   1.658477   265.002411    46.097824      268.982   55.39922    2.10259    4     1     1
   1    9    3   1.654853    82.364135     7.923483      82.7444   55.53102    0.19790    4     1     1
   2    7   -2   1.654362  -238.947059   -35.292464      241.539   55.54892    1.68508    4     1     1
   2    1   -5   1.648464   -81.920885   -12.697736      82.8991   55.76498    0.19675    4     1     1
   0   10    3   1.648101     0.013280    -1.178393      1.17847   55.77830    0.00004    4     1     1
   1    8    4   1.647656    63.931082     9.134796      64.5804   55.79468    0.11926    4     1     1
   0    1    7   1.642462    94.311938    13.806693      95.3172   55.98664    0.25778    4     1     1
   0   11    1   1.641204    41.622497     8.669847      42.5159   56.03332    0.05119    4     1     1
   1    7   -5   1.633417  -130.913260   -21.974896      132.745   56.32419    0.49320    4     1     1
   1   10   -2   1.631092   247.254698    40.568170      250.561   56.41165    1.75100    4     1     1
   2    5   -4   1.630465   273.522746    46.018388      277.367   56.43527    2.14367    4     1     1
   2    2   -5   1.628628   -47.511427    -8.545761      48.2739   56.50468    0.06475    4     1     1
   2    4    4   1.627504   225.062890    40.116304       228.61   56.54721    1.44974    4     1     1
   1    4    6   1.627180  -191.886578   -30.217262      194.251   56.55945    1.04620    4     1     1
   0    6    6   1.625730    53.392815     8.510202      54.0668   56.61446    0.08087    4     1     1
   2    7    2   1.623094   257.096225    42.267042      260.547   56.71472    1.87052    4     1     1
   0    2    7   1.622839   -75.389936   -15.119522      76.8911   56.72444    0.16284    4     1     1
   0    8    5   1.622232    93.208705    11.279089      93.8887   56.74758    0.24257    4     1     1
   2    6    3   1.618854  -109.453207   -18.990894      111.089   56.87677    0.33785    4     1     1
   1   10    2   1.615888   230.387245    37.426328      233.407   56.99071    1.48472    4     1     1
   1    5   -6   1.614963    88.949940    16.175050      90.4087   57.02636    0.22244    4     1     1
   2    8    0   1.606314  -103.343474   -17.484950      104.812   57.36179    0.29503    4     1     1
   2    8   -1   1.598190   -47.692050     0.508354      47.6948   57.68071    0.06033    4     1     1
   2    3   -5   1.597101    28.719329    12.354900      31.2641   57.72372    0.02588    4     1     1
   1    7    5   1.596028  -194.209546   -33.173739      197.022   57.76621    1.02607    4     1     1
   0   11    2   1.593601  -246.762070   -39.915868       249.97   57.86249    1.64546    4     1     1
   0    3    7   1.591641   -50.619345   -10.301179      51.6569   57.94049    0.07006    4     1     1
   2    8    1   1.583879   112.327946    13.915072      113.187   58.25163    0.33231    4     1     1
   2    7   -3   1.582444    28.275404     5.944305      28.8935   58.30954    0.02161    4     1     1
   2    1    5   1.574213  -205.731639   -35.318127      208.741   58.64406    1.11326    4     1     1
   1    0   -7   1.573221   -13.048821    -9.970820      16.4222   58.68465    0.00344    2     1     1
   2    5    4   1.572144  -236.261131   -39.191524       239.49   58.72877    1.46064    4     1     1
   1    5    6   1.571853   -60.440253   -13.086477      61.8408   58.74073    0.09735    4     1     1
   1    9   -4   1.570868     9.630489     1.386305      9.72976   58.78116    0.00241    4     1     1
   1    1   -7   1.567401    59.245093    11.417882      60.3353   58.92399    0.09202    4     1     1
   2    6   -4   1.563202   100.832326    20.951908      102.986   59.09793    0.26632    4     1     1
   2    8   -2   1.560846   -76.444633   -19.653856      78.9307   59.19600    0.15586    4     1     1
   1   10   -3   1.558668   -41.885905    -9.137309       42.871   59.28700    0.04582    4     1     1
   1   11    0   1.556915    -6.683080    -2.636913      7.18449   59.36042    0.00128    4     1     1
   2    2    5   1.556911    47.674024    11.970474      49.1539   59.36060    0.06007    4     1     1
   2    4   -5   1.555890    53.632498     2.725585      53.7017   59.40347    0.07158    4     1     1
   0    4    7   1.550840   -88.500110    -7.640114      88.8293   59.61642    0.19429    4     1     1
   1    2   -7   1.550320    55.787032     3.044118        55.87   59.63845    0.07680    4     1     1
   1    6   -6   1.549524  -390.677929   -66.517161        396.3   59.67218    3.85902    4     1     1
   0    7    6   1.547759    15.311058     6.731588      16.7255   59.74715    0.00685    4     1     1
   1   11   -1   1.546220    37.804207    13.254616      40.0605   59.81269    0.03923    4     1     1
   1    9    4   1.544025    -9.858947    -1.268502      9.94022   59.90641    0.00241    4     1     1
   1    8   -5   1.543219   -65.413604   -14.258117      66.9495   59.94087    0.10903    4     1     1
   2    7    3   1.541822    42.422899     6.191613      42.8724   60.00076    0.04461    4     1     1
   0   10    4   1.541782   138.613546    26.483091      141.121   60.00250    0.48333    4     1     1
   1   11    1   1.539693    80.134696    21.606580      82.9965   60.09226    0.16662    4     1     1
   1   10    3   1.538869    16.557038     2.251079      16.7094   60.12779    0.00674    4     1     1
   2    8    2   1.534505   -76.110879   -16.256397      77.8276   60.31650    0.14530    4     1     1
   2    3    5   1.529300   -70.983009    -5.915648      71.2291   60.54324    0.12069    4     1     1
   1    0    7   1.526923   -35.874991     2.713404      35.9775   60.64739    0.01534    2     1     1
   1    3   -7   1.523052    58.957210    14.379737      60.6855   60.81781    0.08673    4     1     1
   0    9    5   1.523043   137.059682    27.028389      139.699   60.81820    0.45958    4     1     1
   0   11    3   1.522709    14.755871     0.622257       14.769   60.83298    0.00513    4     1     1
   1    1    7   1.521600    53.295645    14.029421      55.1113   60.88201    0.07136    4     1     1
   0   12    0   1.519875  -267.055752   -45.819007      270.958   60.95845    0.86004    2     1     1
   2    6    4   1.511584   110.596112    21.055476      112.583   61.32873    0.29298    4     1     1
   1    8    5   1.511572    78.910129    14.316530      80.1983   61.32925    0.14867    4     1     1
   1    6    6   1.511325  -376.523386   -65.558349      382.188   61.34038    3.37496    4     1     1
   2    9    0   1.509847     3.574801    -3.795562      5.21397   61.40689    0.00063    4     1     1
   1   11   -2   1.509263  -128.889581   -23.513299      131.017   61.43322    0.39528    4     1     1
   2    5   -5   1.507310    88.115821    18.977303      90.1362   61.52147    0.18650    4     1     1
   0   12    1   1.506871   -97.078781   -15.115226      98.2485   61.54134    0.22142    4     1     1
   1    2    7   1.505958   -78.042712    -8.629360      78.5183   61.58270    0.14121    4     1     1
   3    0   -1   1.505356   -20.811564     4.736988      21.3439   61.61002    0.00521    2     1     1
   3    1    0   1.503938   -13.951990    -5.757275      15.0932   61.67444    0.00520    4     1     1
   2    9   -1   1.503094  -113.744082   -24.307514      116.312   61.71286    0.30841    4     1     1
   0    5    7   1.502718   -85.862537   -18.358770      87.8033   61.73002    0.17565    4     1     1
   2    0   -6   1.500791  -419.953551   -73.563762      426.348   61.81795    2.06417    2     1     1
   3    1   -1   1.500255   -31.206609   -11.369429      33.2132   61.84249    0.02503    4     1     1
   2    8   -3   1.500018   -13.434245    -5.221803      14.4134   61.85332    0.00471    4     1     1
   1   11    2   1.497194   131.181570    25.572397      133.651   61.98287    0.40330    4     1     1
   2    1   -6   1.495736   -45.631637   -11.394538      47.0328   62.04997    0.04983    4     1     1
   2    7   -4   1.493514   337.785021    58.074259      342.741   62.15254    2.63630    4     1     1
   2    4    5   1.493002    27.182389     7.371159      28.1641   62.17624    0.01779    4     1     1
   2    9    1   1.491171  -153.034393   -30.606214      156.065   62.26108    0.54450    4     1     1
   3    2    0   1.488830    -7.831089    -4.511838      9.03785   62.36993    0.00182    4     1     1
   3    0    1   1.487497   130.463579    18.470673      131.765   62.43209    0.19290    2     1     1
   1    4   -7   1.487187   138.436556    21.074256      140.031   62.44660    0.43550    4     1     1
   3    2   -1   1.485256   -22.359337     0.618954      22.3679   62.53691    0.01108    4     1     1
   3    1    1   1.482575   -99.143349   -18.780043      100.906   62.66280    0.22443    4     1     1
   1    7   -6   1.481571   -14.604934    -2.411311      14.8027   62.71005    0.00482    4     1     1
   1    3    7   1.480928    98.998140    21.718344      101.352   62.74038    0.22580    4     1     1
   2    2   -6   1.480871  -301.485209   -52.851586      306.083   62.74307    2.05916    4     1     1
   3    1   -2   1.472062  -216.077408   -33.863667      218.715   63.16165    1.03616    4     1     1
   2    9   -2   1.471903  -234.950714   -39.399346      238.231   63.16924    1.22901    4     1     1
   1   10   -4   1.470642   182.081538    32.328594      184.929   63.22966    0.73902    4     1     1
   0    8    6   1.470377    82.118445    14.054318      83.3124   63.24237    0.14993    4     1     1
   0   12    2   1.469775    44.953101     8.837504      45.8136   63.27127    0.04529    4     1     1
   3    2    1   1.468095   136.527837    18.040071      137.715   63.35210    0.40810    4     1     1
   2    8    3   1.465284  -102.297938   -18.437274      103.946   63.48776    0.23142    4     1     1
   3    3    0   1.464630   -33.860716    -6.334350      34.4481   63.51942    0.02539    4     1     1
   3    3   -1   1.461228   -39.548883    -9.798300      40.7446   63.68470    0.03532    4     1     1
   3    2   -2   1.457885  -201.367235   -36.918543      204.724   63.84794    0.88664    4     1     1
   1    9   -5   1.457093   -46.009041    -4.774839      46.2561   63.88672    0.04520    4     1     1
   2    3   -6   1.457051   -96.266807   -19.221671      98.1671   63.88879    0.20358    4     1     1
   2    6   -5   1.453691   133.184104    20.051452      134.685   64.05405    0.38107    4     1     1
   1   11   -3   1.451338   202.540198    35.354340      205.603   64.17025    0.88452    4     1     1
   2    5    5   1.449920    17.647437     7.812725      19.2995   64.24056    0.00778    4     1     1
   2    9    2   1.449751   239.405314    42.671529      243.178   64.24892    1.23408    4     1     1
   0    6    7   1.449570    10.352963     7.162668      12.5892   64.25794    0.00331    4     1     1
   1   10    4   1.448546   184.978446    34.633795      188.193   64.30878    0.73760    4     1     1
   2    7    4   1.448303  -285.562645   -48.933870      289.725   64.32088    1.74747    4     1     1
   1    7    6   1.448075    -1.457839     1.303984      1.95593   64.33222    0.00008    4     1     1
   1    4    7   1.447894  -153.760362   -23.912563      155.609   64.34126    0.50374    4     1     1
   3    3    1   1.444877  -141.050919   -29.847445      144.174   64.49182    0.43024    4     1     1
   1    5   -7   1.444592   -57.715841    -9.251572      58.4526   64.50607    0.07069    4     1     1
   0    0    8   1.443017  -103.794124   -15.602690       104.96   64.58500    0.11366    2     1     1
   1   12    0   1.440846   -76.821968   -12.191188      77.7833   64.69417    0.12438    4     1     1
   3    1    2   1.439192   238.249293    42.659330      242.038   64.77757    1.20102    4     1     1
   0    1    8   1.438522  -121.105158   -18.481093      122.507   64.81146    0.30734    4     1     1
   0   11    4   1.437677   188.515116    28.100764      190.598   64.85423    0.74287    4     1     1
   1   11    3   1.435314   212.623529    35.442915      215.557   64.97411    0.94639    4     1     1
   3    3   -2   1.435140  -210.213017   -35.794230      213.239   64.98292    0.92586    4     1     1
   2    0    6   1.433531  -407.255322   -71.417013       413.47   65.06488    1.73577    2     1     1
   3    4    0   1.432651   158.769468    26.309949      160.935   65.10976    0.52516    4     1     1
   1   12   -1   1.432356    -0.589458     5.538736      5.57001   65.12485    0.00063    4     1     1
   0   10    5   1.431179    32.057955     0.588190      32.0634   65.18502    0.02079    4     1     1
   1    9    5   1.430366  -106.835270   -15.009781      107.885   65.22668    0.23509    4     1     1
   3    4   -1   1.429466   -57.414050    -6.295049      57.7581   65.27285    0.06728    4     1     1
   2    1    6   1.429123    34.916443     7.207668      35.6526   65.29046    0.02562    4     1     1
   3    0   -3   1.427614   -41.493869    -9.271878      42.5172   65.36806    0.01817    2     1     1
   1   12    1   1.427163    21.469433    -0.578255      21.4772   65.39130    0.00927    4     1     1
   3    2    2   1.425936  -166.654215   -30.629033      169.445   65.45464    0.57559    4     1     1
   2    4   -6   1.425556  -137.106727   -18.518887      138.352   65.47428    0.38348    4     1     1
   0    2    8   1.425283  -159.976702   -27.009774      162.241   65.48834    0.52710    4     1     1
   2    8   -4   1.423631   -59.960339   -13.473326      61.4555   65.57387    0.07542    4     1     1
   3    1   -3   1.423261   -87.430015   -15.726375      88.8331   65.59309    0.15748    4     1     1
   2    9   -3   1.420564   -70.498934   -15.692662      72.2244   65.73332    0.10363    4     1     1
   2   10    0   1.420214    10.586999    -0.174690      10.5884   65.75160    0.00223    4     1     1
   2    2    6   1.416140  -275.954006   -50.197115      280.482   65.96476    1.55113    4     1     1
   2   10   -1   1.414589   -76.251481    -7.918758      76.6616   66.04633    0.11557    4     1     1
   3    4    1   1.414147   104.119671    15.962699      105.336   66.06959    0.21803    4     1     1
   0   12    3   1.413606   -16.556167    -2.666154      16.7695   66.09816    0.00552    4     1     1
   1    8   -6   1.413277  -359.041067   -64.898941      364.859   66.11551    2.61200    4     1     1
   3    2   -3   1.410436   -77.067502   -14.461160      78.4125   66.26579    0.12006    4     1     1
   1    5    7   1.408499    10.676565     0.879155      10.7127   66.36865    0.00223    4     1     1
   3    4   -2   1.405015  -163.025757   -32.905720      166.314   66.55458    0.53514    4     1     1
   2   10    1   1.404637   122.968290    17.337467      124.184   66.57486    0.29817    4     1     1
   3    3    2   1.404632   222.987183    38.409294      226.271   66.57508    0.98988    4     1     1
   0    3    8   1.404009  -193.342058   -36.702687      196.795   66.60849    0.74798    4     1     1
   1   12   -2   1.402829   194.809989    38.811240      198.638   66.67186    0.76053    4     1     1
   2    6    5   1.402006   -64.812018    -4.578067      64.9735   66.71611    0.08126    4     1     1
   1    6   -7   1.397187   102.142814    15.945768       103.38   66.97648    0.20402    4     1     1
   2    7   -5   1.397142   -40.460031    -7.529297      41.1546   66.97890    0.03233    4     1     1
   0    9    6   1.395312   -13.522526    -4.413532      14.2246   67.07840    0.00385    4     1     1
   2    3    6   1.395267    43.411788     9.746992      44.4926   67.08085    0.03767    4     1     1
   3    5    0   1.394456   -11.652674    -3.891076      12.2852   67.12503    0.00287    4     1     1
   0    7    7   1.393483    26.012403     3.246491      26.2142   67.17813    0.01304    4     1     1
   1   12    2   1.393121   201.734402    37.921316      205.268   67.19790    0.79878    4     1     1
   0   13    1   1.392714  -111.912375   -20.854019      113.839   67.22012    0.24551    4     1     1
   3    5   -1   1.391518   137.377498    24.186307       139.49   67.28561    0.36786    4     1     1
   2    9    3   1.390957   -77.236136   -15.321349      78.7411   67.31635    0.11711    4     1     1
   3    3   -3   1.389810  -144.009848   -23.516283      145.917   67.37936    0.40136    4     1     1
   1    1   -8   1.389664   164.737046    27.167537      166.962   67.38738    0.52535    4     1     1
   2   10   -2   1.388497  -191.914635   -32.802143      194.698   67.45160    0.71296    4     1     1
   2    5   -6   1.387910   -38.315070    -5.747074      38.7437   67.48397    0.02820    4     1     1
   2    8    4   1.384313   -92.928518   -18.050517      94.6654   67.68298    0.16735    4     1     1
   1    8    6   1.384114  -344.044696   -63.627050      349.879   67.69402    2.28517    4     1     1
   3    0    3   1.383248  -130.168386   -26.183317      132.776   67.74215    0.16430    2     1     1
   1   11   -4   1.379479   124.054239    24.316059      126.415   67.95245    0.29595    4     1     1
   3    1    3   1.379287   -77.969445   -15.508181      79.4968   67.96320    0.11700    4     1     1
   1    2   -8   1.377718   150.888374    30.935433      154.027   68.05115    0.43804    4     1     1
   3    5    1   1.377375   -10.181254    -4.434999      11.1053   68.07041    0.00228    4     1     1
   3    4    2   1.376351  -124.582185   -21.918640      126.496   68.12803    0.29475    4     1     1
   1   10   -5   1.376044   -61.023429   -12.123222       62.216   68.14528    0.07126    4     1     1
   0    4    8   1.375764  -218.996093   -38.544724      222.362   68.16106    0.90987    4     1     1
