   h    k    l      d (Å)      F(real)      F(imag)          |F|         2θ          I    M ID(λ) Phase
   1    1    0   8.508723   356.987562    44.095369      359.701   10.39665  100.00000    4     1     1
   2    0    0   6.848900  -465.897572   -81.603921       472.99   12.92595   55.64292    2     1     1
   1    1    1   6.103713    52.530126     7.673705      53.0877   14.51207    2.21601    8     1     1
   0    2    0   5.428750   -73.823490    13.529621       75.053   16.32799    0.87046    2     1     1
   2    1    1   4.831947    10.297975     0.734848      10.3242   18.36114    0.05179    8     1     1
   0    0    2   4.380350   -66.600117    20.009288       69.541   20.27314    0.47879    2     1     1
   1    2    1   4.373102    92.194680     2.855342      92.2389   20.30710    3.35774    8     1     1
   2    2    0   4.254361  -114.949116   -17.465382      116.268   20.88014    2.51809    4     1     1
   3    1    0   4.208908  -355.899180   -44.018706      358.611   21.10821   23.42113    4     1     1
   1    0    2   4.172212   -69.331823    -6.719373      69.6567   21.29602    0.86756    4     1     1
   0    1    2   4.062216   204.122764    13.613742      204.576   21.87968    7.07418    4     1     1
   1    1    2   3.894566  -175.803867   -21.057831      177.061   22.83393    9.69623    8     1     1
   2    2    1   3.826976    24.434783     4.986373      24.9384   23.24278    0.18535    8     1     1
   3    1    1   3.793790  -123.907787   -18.410454      125.268   23.44897    4.59114    8     1     1
   2    0    2   3.690164  -187.974019   -22.395711      189.303   24.11721    4.94277    4     1     1
   1    3    0   3.499092   -63.818810    -3.435310      63.9112   25.45566    0.50293    4     1     1
   2    1    2   3.493883     9.375810    -6.358925      11.3288   25.49425    0.03150    8     1     1
   4    0    0   3.424450   676.000271    84.705015      681.287   26.02014   27.28319    2     1     1
   0    2    2   3.409008   664.845764    82.374315      669.929   26.14009   52.25235    4     1     1
   1    2    2   3.308099   119.017685    14.084942      119.848   26.95225    3.13497    8     1     1
   1    3    1   3.249488   -13.590347     3.290548       13.983   27.44781    0.04106    8     1     1
   3    2    1   3.245668    89.790463     3.267660      89.8499   27.48075    1.69092    8     1     1
   3    0    2   3.160948    52.097291     7.779569      52.6749   28.23236    0.27438    4     1     1
   4    1    1   3.060144     2.541964    -0.496330      2.58997   29.18265    0.00124    8     1     1
   2    2    2   3.051857  -540.233642   -78.067091      545.845   29.26366   54.58644    8     1     1
   3    1    2   3.034947   194.600875    22.041738      195.845   29.43037    6.94221    8     1     1
   2    3    1   3.005656   -23.467189    -0.183889      23.4679   29.72376    0.09759    8     1     1
   4    2    0   2.896354    23.326594     7.394915      24.4707   30.87287    0.04891    4     1     1
   3    3    0   2.836241    83.372937     5.516143      83.5552   31.54406    0.54440    4     1     1
   0    3    2   2.790046  -170.849159   -13.838872      171.409   32.08029    2.20921    4     1     1
   1    1    3   2.762088    34.615000     4.696185      34.9321   32.41391    0.17945    8     1     1
   4    2    1   2.749963   -82.156746   -10.555058       82.832   32.56080    0.99916    8     1     1
   1    3    2   2.733910   422.907351    61.002837      427.284   32.75735   26.24311    8     1     1
   3    2    2   2.731634   -84.353513   -14.187256      85.5383   32.78541    1.04978    8     1     1
   0    4    0   2.714375   545.726590    69.693618      550.159   32.99982   10.70427    2     1     1
   3    3    1   2.698355  -151.275315   -18.372083      152.387   33.20139    3.24190    8     1     1
   4    0    2   2.697862    22.188956    13.171648      25.8039   33.20763    0.04646    4     1     1
   5    1    0   2.656307   351.175425    40.763371      353.533   33.74255    8.42336    4     1     1
   4    1    2   2.618245   131.047569    13.287157      131.719   34.24810    2.26411    8     1     1
   2    1    3   2.607622     7.939735     1.448964      8.07087   34.39196    0.00842    8     1     1
   2    3    2   2.583873    43.180870    11.988213      44.8141   34.71805    0.25440    8     1     1
   1    4    1   2.547540   -24.858956    -3.513573       25.106   35.22928    0.07734    8     1     1
   5    1    1   2.542026   198.691866    31.450846      201.166   35.30821    4.94092    8     1     1
   1    2    3   2.527599     0.312136     0.062638     0.318359   35.51644    0.00001    8     1     1
   2    4    0   2.523421  -475.981552   -70.356142      481.153   35.57721   13.90030    4     1     1
   2    4    1   2.424835    69.573714     9.864131      70.2695   37.07518    0.54162    8     1     1
   4    2    2   2.415974   473.064462    75.027600      478.977   37.21615   24.95534    8     1     1
   2    2    3   2.407620    49.445041     5.639242      49.7656   37.35005    0.26727    8     1     1
   3    1    3   2.399291  -128.519461   -20.785285      130.189   37.48452    1.81471    8     1     1
   4    3    1   2.392858   -37.572139    -1.739311      37.6124   37.58908    0.15054    8     1     1
   3    3    2   2.380753  -406.549525   -58.765244      410.775   37.78742   17.74817    8     1     1
   5    2    1   2.355703    79.073846     2.341245      79.1085   38.20473    0.64247    8     1     1
   5    0    2   2.322703   -63.663667    -6.540613      63.9988   38.76905    0.20353    4     1     1
   0    4    2   2.307295   -58.731860     6.206718      59.0589   39.03842    0.17069    4     1     1
   6    0    0   2.282967  -416.543571   -67.735945      422.015   39.47160    4.25224    2     1     1
   1    4    2   2.275243   -75.139471    -8.208752      75.5865   39.61119    0.54138    8     1     1
   5    1    2   2.271312  -217.599590   -22.718417      218.782   39.68261    4.51755    8     1     1
   3    4    1   2.254625   -32.722229    -2.834457      32.8448   39.98880    0.10009    8     1     1
   1    3    3   2.242022   111.104044     9.492368      111.509   40.22326    1.13875    8     1     1
   3    2    3   2.240766     9.922824     1.220832      9.99764   40.24677    0.00914    8     1     1
   0    0    4   2.190175   473.662180    75.626994      479.662   41.21818    4.98838    2     1     1
   2    4    2   2.186551    11.661305    -4.219139      12.4011   41.28961    0.01329    8     1     1
   5    3    0   2.184330  -142.260995    -9.379934       142.57   41.33351    0.87592    4     1     1
   4    1    3   2.176892   -13.345617    -2.675934      13.6113   41.48123    0.01584    8     1     1
   6    1    1   2.164830    17.862451     1.941708      17.9677   41.72312    0.02725    8     1     1
   4    3    2   2.163018  -111.780661   -13.191801      112.556   41.75971    1.06714    8     1     1
   1    0    4   2.162704   197.259463    27.234929      199.131   41.76604    1.66947    4     1     1
   2    3    3   2.157017    14.632814     1.153220      14.6782   41.88134    0.01803    8     1     1
   0    1    4   2.146930  -246.538617   -24.635929      247.766   42.08743    2.54060    4     1     1
   1    5    0   2.144717   502.221386    76.910346      508.076   42.13292   10.65757    4     1     1
   5    2    2   2.135457   107.469532    12.729549      108.221   42.32440    0.95728    8     1     1
   4    4    0   2.127181   377.374676    64.116101      382.783   42.49704    5.93378    4     1     1
   1    1    4   2.121036   238.672257    36.243826      241.408   42.62616    4.68821    8     1     1
   5    3    1   2.119444   102.724936    23.223058      105.317   42.65974    0.89071    8     1     1
   6    2    0   2.104454    47.272146    -4.162792      47.4551   42.97864    0.08892    4     1     1
   2    0    4   2.086106  -528.615447   -78.853420      534.464   43.37571   11.04875    4     1     1
   1    5    1   2.083200    47.501710     5.136860      47.7787   43.43929    0.17601    8     1     1
   4    4    1   2.067118   -86.712451   -17.609084      88.4824   43.79463    0.59270    8     1     1
   3    4    2   2.059300    38.735417     7.897909      39.5324   43.96956    0.11725    8     1     1
   4    2    3   2.056422   -26.729324    -8.896099      28.1709   44.03430    0.05934    8     1     1
   2    1    4   2.048635    86.133671    18.386966      88.0743   44.21049    0.57488    8     1     1
   6    2    1   2.046244    62.440340    13.238008      63.8282   44.26488    0.30109    8     1     1
   3    3    3   2.034571    -9.108489   -11.731425      14.8523   44.53240    0.01608    8     1     1
   0    2    4   2.031108   101.114098    23.487599      103.806   44.61241    0.39123    4     1     1
   6    0    2   2.024505    -8.480698    -8.177720      11.7812   44.76579    0.00500    4     1     1
   2    5    1   2.014482    25.900657     0.743835      25.9113   45.00069    0.04781    8     1     1
   1    2    4   2.009141  -113.341057   -13.028339      114.087   45.12690    0.92100    8     1     1
   6    1    2   1.990203   -43.265622    -7.049088      43.8361   45.58035    0.13293    8     1     1
   3    0    4   1.974742  -168.817408   -27.209049      170.996   45.95757    0.99271    4     1     1
   1    4    3   1.967533   -24.812738    -1.074593       24.836   46.13567    0.04152    8     1     1
   5    1    3   1.964989   150.900706    28.085842      153.492   46.19885    1.58091    8     1     1
   3    5    0   1.961021  -443.883640   -72.747903      449.805   46.29778    6.75543    4     1     1
   5    3    2   1.954767   381.746130    54.581640      385.628   46.45457    9.85479    8     1     1
   2    2    4   1.947283   -41.620582   -18.772120      45.6581   46.64364    0.13688    8     1     1
   0    5    2   1.945555    19.078912     4.710030      19.6517   46.68751    0.01265    4     1     1
   3    1    4   1.942868  -247.300565   -34.935832      249.756   46.75591    4.07362    8     1     1
   1    5    2   1.926223    24.780832    12.368155      27.6959   47.18433    0.04907    8     1     1
   7    1    0   1.925801  -278.273790   -41.119882      281.295   47.19528    2.52951    4     1     1
   3    5    1   1.913664   -25.768937    -8.647937      27.1813   47.51297    0.04652    8     1     1
   4    4    2   1.913488    -9.209655     1.657477      9.35762   47.51760    0.00551    8     1     1
   2    4    3   1.909330    31.301163     8.684080      32.4835   47.62748    0.06608    8     1     1
   6    2    2   1.896895  -431.657752   -65.165803      436.549   47.95922   11.74855    8     1     1
   4    3    3   1.893601   -10.711491    -2.353010      10.9669   48.04791    0.00738    8     1     1
   6    3    1   1.885645   -27.342832    -0.443288      27.3464   48.26350    0.04544    8     1     1
   5    4    1   1.883124   -54.450482    -4.051225       54.601   48.33225    0.18058    8     1     1
   7    1    1   1.880893  -206.018736   -38.094016      209.511   48.39323    2.65122    8     1     1
   5    2    3   1.875026    -8.343972    -1.056189      8.41055   48.55439    0.00424    8     1     1
   0    3    4   1.873781   177.515418    16.167927       178.25   48.58875    0.95079    4     1     1
   2    5    2   1.871509  -102.167289    -9.813542      102.638   48.65153    0.62862    8     1     1
   1    3    4   1.856491   -11.469916     2.870934      11.8238   49.07094    0.00818    8     1     1
   3    2    4   1.855778    85.968761    13.720120      87.0567   49.09105    0.44310    8     1     1
   4    0    4   1.845082   371.671351    68.304718      377.896   49.39460    4.11646    4     1     1
   3    4    3   1.822840   -12.008285     1.175953      12.0657   50.03847    0.00815    8     1     1
   4    1    4   1.819004  -178.491635   -23.860975      180.079   50.15127    1.80598    8     1     1
   0    6    0   1.809583  -105.464625    -9.460778      105.888   50.43058    0.15414    2     1     1
   2    3    4   1.807360   -70.656365   -14.702163      72.1698   50.49697    0.28556    8     1     1
   7    2    1   1.801544    71.575422     3.362196      71.6543   50.67150    0.27930    8     1     1
   4    5    1   1.794970    28.901681     0.318618      28.9034   50.87028    0.04504    8     1     1
   3    5    2   1.789844   -11.623726    -9.749186      15.1709   51.02642    0.01232    8     1     1
   7    0    2   1.786655    90.954907     9.995491      91.5025   51.12406    0.22316    4     1     1
   6    1    3   1.774394    23.492419     3.863806       23.808   51.50307    0.02971    8     1     1
   6    3    2   1.766856    76.548836    11.542006      77.4141   51.73902    0.31088    8     1     1
   5    4    2   1.764781   -87.718833    -8.981009      88.1774   51.80436    0.40218    8     1     1
   7    1    2   1.762945   175.137724    25.462689      176.979   51.86232    1.61602    8     1     1
   1    6    1   1.757525    13.643748     0.893695       13.673   52.03423    0.00957    8     1     1
   2    6    0   1.749546   161.637914    17.482514      162.581   52.28945    0.66926    4     1     1
   5    3    3   1.749143   210.970998    28.720480      212.917   52.30240    2.29437    8     1     1
   6    4    0   1.747162  -423.763106   -60.616527      428.077   52.36622    4.62434    4     1     1
   4    2    4   1.746941    88.919671    17.097359      90.5485   52.37333    0.41368    8     1     1
   3    3    4   1.733486    48.191709    -0.894528         48.2   52.81116    0.11502    8     1     1
   1    5    3   1.728603   -22.335271     0.540602      22.3418   52.97192    0.02454    8     1     1
   7    3    0   1.721331   121.035321    15.085654      121.972   53.21329    0.36195    4     1     1
   4    4    3   1.719382  -127.192699   -18.918653      128.592   53.27835    0.80239    8     1     1
   1    1    5   1.716132    23.672480     6.755937      24.6177   53.38723    0.02927    8     1     1
   2    6    1   1.715668    54.997327    11.876794      56.2651   53.40281    0.15280    8     1     1
   6    4    1   1.713420   151.972577    26.202865      154.215   53.47846    1.14420    8     1     1
   8    0    0   1.712225   441.947290    63.879698       446.54   53.51875    2.39422    2     1     1
   5    0    4   1.710688   174.095654    24.721394      175.842   53.57068    0.74090    4     1     1
   6    2    3   1.707314   102.123920    14.986150      103.218   53.68503    0.50809    8     1     1
   0    4    4   1.704504   396.771607    62.240145      401.624   53.78065    3.83077    4     1     1
   5    5    0   1.701745   457.823518    68.402346      462.905   53.87489    5.06875    4     1     1
   7    2    2   1.697107   -95.099316   -13.560671      96.0613   54.03406    0.43364    8     1     1
   4    5    2   1.691609    -1.289748     5.073310      5.23468   54.22407    0.00128    8     1     1
   1    4    4   1.691459   167.844758    24.552683      169.631   54.22927    1.34115    8     1     1
   5    1    4   1.689842   239.240271    34.548686      241.722   54.28542    2.71692    8     1     1
   7    3    1   1.689036  -212.336940   -34.523365      215.125   54.31344    2.14940    8     1     1
   2    5    3   1.688734    -3.535090     0.646134      3.59365   54.32398    0.00060    8     1     1
   2    1    5   1.677100     8.275378     2.078882       8.5325   54.73221    0.00332    8     1     1
   0    6    2   1.672487   318.458344    48.213954      322.087   54.89587    2.35135    4     1     1
   5    5    1   1.670520   119.494508    17.750766      120.806   54.96595    0.65965    8     1     1
   8    1    1   1.660659    -0.213758    -0.796025     0.824225   55.32021    0.00003    8     1     1
   1    6    2   1.660157    84.436135    11.700156      85.2429   55.33835    0.32344    8     1     1
   1    2    5   1.655225   -50.288116    -3.508841      50.4104   55.51748    0.11229    8     1     1
   2    4    4   1.654050  -342.751419   -59.518035      347.881   55.56033    5.33812    8     1     1
   3    6    1   1.652097    29.646904     1.961801      29.7117   55.63169    0.03883    8     1     1
   4    3    4   1.643792   127.509915    16.415047      128.562   55.93736    0.71794    8     1     1
   8    2    0   1.632931  -106.234040    -9.621376      106.669   56.34246    0.24311    4     1     1
   5    2    4   1.631597  -121.178089   -13.935366      121.977   56.39262    0.63450    8     1     1
   3    5    3   1.628005  -103.684560   -13.019549      104.499   56.52822    0.46317    8     1     1
   2    6    2   1.624744  -312.713855   -50.620155      316.784   56.65191    4.23537    8     1     1
   6    4    2   1.622834    98.692990     5.126540       98.826   56.72462    0.41100    8     1     1
   2    2    5   1.620119    17.376617     4.710479      18.0038   56.82831    0.01358    8     1     1
   3    1    5   1.617574  -100.580324   -17.610980       102.11   56.92587    0.43527    8     1     1
   6    3    3   1.610649    15.394518     2.986073      15.6814   57.19314    0.01016    8     1     1
   5    4    3   1.609077   -25.226242    -3.011248      25.4053   57.25419    0.02660    8     1     1
   7    1    3   1.607685  -217.965977   -39.796462      221.569   57.30836    2.01864    8     1     1
   8    2    1   1.605283  -102.318333   -17.586933      103.819   57.40205    0.44156    8     1     1
   7    3    2   1.602072  -289.325087   -48.813249      293.414   57.52786    3.50952    8     1     1
   4    6    0   1.599937   -59.389595   -11.575976      60.5072   57.61182    0.07438    4     1     1
   3    4    4   1.596863  -133.001887   -23.690958      135.095   57.73315    0.73803    8     1     1
   8    0    2   1.594723  -101.011304    -5.492771      101.161   57.81795    0.20623    4     1     1
   5    5    2   1.586245   -56.027672     3.168120      56.1172   58.15644    0.12526    8     1     1
   6    0    4   1.580474  -399.985962   -64.674023      405.181   58.38925    3.23587    4     1     1
   8    1    2   1.577794    93.943546    12.865603      94.8204   58.49801    0.35294    8     1     1
   4    6    1   1.573905  -132.319095   -23.317724      134.358   58.65665    0.70434    8     1     1
   3    6    2   1.570446   -52.408466   -10.545638      53.4589   58.79852    0.11090    8     1     1
   1    3    5   1.566697     4.194013     3.921115      5.74151   58.95308    0.00127    8     1     1
   3    2    5   1.566268   -44.099128    -1.502685      44.1247   58.97081    0.07506    8     1     1
   6    1    4   1.563991   121.063655    18.304597       122.44   59.06517    0.57587    8     1     1
   7    4    1   1.561915   -44.310382    -2.136614      44.3619   59.15149    0.07535    8     1     1
   7    2    3   1.557285     6.369207     2.010381      6.67895   59.34492    0.00170    8     1     1
   4    5    3   1.553033    -9.342824    -1.189776      9.41828   59.52375    0.00335    8     1     1
   6    5    1   1.548635    31.545414     1.820051      31.5979   59.70992    0.03743    8     1     1
   5    3    4   1.546617   -60.710730    -3.081309      60.7889   59.79576    0.13809    8     1     1
   4    1    5   1.543970   -32.530853    -4.860666       32.892   59.90875    0.04026    8     1     1
   0    5    4   1.542043  -134.609685   -23.773565      136.693   59.99131    0.34657    4     1     1
   1    7    0   1.541222    43.173807    17.660761      46.6463   60.02653    0.04031    4     1     1
   2    3    5   1.536830    16.552493     2.363633      16.7204   60.21579    0.01028    8     1     1
   1    5    4   1.532363   369.845735    67.103640      375.884   60.40959    5.16050    8     1     1
   8    2    2   1.530072   338.063726    56.621312      342.773   60.50950    4.27558    8     1     1
   1    6    3   1.528589    -4.180951    -0.478595      4.20825   60.57436    0.00064    8     1     1
   4    4    4   1.525928   323.768752    57.128700       328.77   60.69109    3.90720    8     1     1
   8    3    1   1.524149   -32.151801    -2.888127      32.2813   60.76941    0.03756    8     1     1
   1    7    1   1.517912    21.525282     1.340873       21.567   61.04570    0.01660    8     1     1
   6    2    4   1.517473    21.199600    -6.722706        22.24   61.06522    0.01764    8     1     1
   9    1    0   1.507241   176.546024    34.475549      179.881   61.52459    0.56735    4     1     1
   2    5    4   1.504383   194.109497    27.624232      196.065   61.65423    1.34179    8     1     1
   4    6    2   1.502828   248.100840    45.439591      252.228   61.72499    2.21495    8     1     1
   2    6    3   1.500811    78.586271    12.124139       79.516   61.81705    0.21941    8     1     1
   6    4    3   1.499305    97.852429    23.153469      100.554   61.88597    0.35001    8     1     1
   4    2    5   1.499166   -59.551080    -9.683575      60.3333   61.89235    0.12598    8     1     1
   7    4    2   1.492379    48.332447     8.437749      49.0634   62.20506    0.08239    8     1     1
   2    7    1   1.490702   -14.884969    -0.125960      14.8855   62.28287    0.00756    8     1     1
   3    3    5   1.490636  -101.848134   -16.419606      103.163   62.28591    0.36320    8     1     1
   5    6    1   1.487983    32.276264     0.105793      32.2764   62.40941    0.03540    8     1     1
   9    1    1   1.485418   233.239399    45.144635      237.568   62.52933    1.90957    8     1     1
   7    3    3   1.482886   -90.362351   -28.026016      94.6087   62.64814    0.30158    8     1     1
   6    5    2   1.480783  -115.441655   -10.602178      115.927   62.74724    0.45124    8     1     1
   5    5    3   1.470309    22.114900    12.976550       25.641   63.24565    0.02170    8     1     1
   3    7    0   1.468644   -41.057888   -15.372777      43.8414   63.32566    0.03162    4     1     1
   1    4    5   1.463659    42.453645     2.638191      42.5355   63.56649    0.05905    8     1     1
   8    1    3   1.463572   -19.192280    -4.383440      19.6865   63.57074    0.01265    8     1     1
   5    1    5   1.462611   141.345095    29.028729      144.295   63.61737    0.67831    8     1     1
   0    7    2   1.462114   -41.314252   -10.316334      42.5828   63.64156    0.02951    4     1     1
   3    5    4   1.460973  -374.685592   -64.566798      380.208   63.69712    4.69655    8     1     1
   0    0    6   1.460117   205.088780    35.670335      208.168   63.73885    0.35147    2     1     1
   8    3    2   1.459333   -76.768370   -11.934617      77.6905   63.77711    0.19556    8     1     1
   7    0    4   1.459237  -168.221010   -25.368769      170.123   63.78181    0.46879    4     1     1
   3    6    3   1.457701     8.922064     2.087732      9.16307   63.85697    0.00271    8     1     1
   1    7    2   1.453855   437.761209    79.694911      444.956   64.04594    6.35627    8     1     1
   7    5    0   1.453674  -299.990220   -57.482903      305.448   64.05487    1.49720    4     1     1
   1    0    6   1.451891  -117.721645   -15.684020      118.762   64.14289    0.22566    4     1     1
   3    7    1   1.448432    -4.127858    -2.735684      4.95209   64.31445    0.00078    8     1     1
   6    3    4   1.448390  -109.426833   -16.096011      110.604   64.31654    0.38916    8     1     1
   8    4    0   1.448177   279.081590    50.451947      283.605   64.32716    1.27888    4     1     1
   5    4    4   1.447247   167.420245    23.672094      169.086   64.37348    0.90775    8     1     1
   0    1    6   1.447090   159.515429    23.348800      161.215   64.38129    0.41250    4     1     1
   7    1    4   1.446233  -168.129571   -30.604117      170.892   64.42402    0.92568    8     1     1
   9    2    1   1.445392    47.928640     1.686680      47.9583   64.46607    0.07280    8     1     1
   2    4    5   1.439218    54.311259     9.152972      55.0771   64.77627    0.09502    8     1     1
   1    1    6   1.439082   -54.281623    -8.110510      54.8842   64.78316    0.09434    8     1     1
   9    0    2   1.437668    -7.879110    -6.828694      10.4265   64.85465    0.00170    4     1     1
   7    5    1   1.434066   -70.731181   -19.226697      73.2978   65.03762    0.16684    8     1     1
   4    3    5   1.432445     1.893592    -2.541975      3.16975   65.12028    0.00031    8     1     1
   2    7    2   1.429894   129.892154    17.264463      131.034   65.25090    0.52945    8     1     1
   8    4    1   1.428787  -137.961342   -29.269187      141.032   65.30771    0.61217    8     1     1
   2    0    6   1.428025   -48.947411   -26.170909      55.5046   65.34690    0.04735    4     1     1
   5    6    2   1.427494    96.012324    12.333718      96.8013   65.37427    0.28777    8     1     1
   8    2    3   1.425241   -55.388427   -14.721231      57.3114   65.49054    0.10049    8     1     1
   9    1    2   1.425228  -145.354803   -25.748818      147.618   65.49120    0.66665    8     1     1
   5    2    5   1.424354   -59.287000    -5.127819      59.5083   65.53643    0.10818    8     1     1
   6    6    0   1.418120   198.637008    21.715545       199.82   65.86095    0.60344    4     1     1
   2    1    6   1.415832  -163.318507   -24.723806      165.179   65.98096    0.82150    8     1     1
   0    2    6   1.410007   299.008939    60.519676      305.072   66.28851    1.38728    4     1     1
   7    2    4   1.409215   110.133560    16.320261      111.336   66.33060    0.36904    8     1     1
   4    5    4   1.406062   -97.105938   -22.582472      99.6972   66.49861    0.29433    8     1     1
   4    6    3   1.403144   -85.914267   -22.030844       88.694   66.65489    0.23179    8     1     1
   9    3    0   1.402969  -113.841454   -20.392104      115.653   66.66430    0.19700    4     1     1
   1    2    6   1.402596   215.598428    35.906307      218.568   66.68435    1.40629    8     1     1
   3    4    5   1.401070    65.670500     6.020734      65.9459   66.76652    0.12769    8     1     1
   6    6    1   1.399898   148.182639    31.686690      151.533   66.82970    0.67284    8     1     1
   0    6    4   1.395023  -114.696338    -8.837746      115.036   67.09411    0.19227    4     1     1
   4    7    1   1.394873   -14.265389    -0.040258      14.2654   67.10232    0.00591    8     1     1
   7    4    3   1.394628     9.662617     2.931178      10.0974   67.11562    0.00296    8     1     1
   3    7    2   1.392463  -412.423624   -75.610165      419.297   67.23388    5.08655    8     1     1
   3    0    6   1.390737   108.922172    16.068963      110.101   67.32843    0.17484    4     1     1
   9    2    2   1.389760    40.217532    10.298775      41.5152   67.38208    0.04963    8     1     1
   1    6    4   1.387844  -117.092756   -17.341601       118.37   67.48759    0.40219    8     1     1
   9    3    1   1.385318   148.098326    35.143489      152.211   67.62725    0.66215    8     1     1
   6    5    3   1.385151     8.896382     1.818161      9.08027   67.63651    0.00236    8     1     1
   2    2    6   1.381044  -362.534400   -63.540774      368.061   67.86493    3.84343    8     1     1
   7    5    2   1.379684    37.509561     3.540900      37.6763   67.94097    0.04018    8     1     1
   3    1    6   1.379467    79.099943     8.141331      79.5178   67.95311    0.17891    8     1     1
   6    1    5   1.378709    18.304440     5.472278      19.1049   67.99555    0.01031    8     1     1
   8    4    2   1.374982   -92.121962   -11.002788      92.7767   68.20521    0.24168    8     1     1
