   h    k    l      d (Å)      F(real)      F(imag)          |F|         2θ          I    M ID(λ) Phase
   1    1    0   9.439601  -136.209778   -19.499437      137.598    9.36898   28.90982    4     1     1
   2    0    0   8.898000   379.769503    58.071141      384.184    9.94064  100.00000    2     1     1
   2    1    0   6.951263  -148.641373    -6.106747      148.767   12.73481   18.17169    4     1     1
   0    2    0   5.567600  -167.040838    -8.346054      167.249   15.91811    7.29189    2     1     1
   1    2    0   5.313622     7.787759     8.285788      11.3712   16.68425    0.06123    4     1     1
   3    1    0   5.235439    25.174408    13.348555      28.4945   16.93522    0.37292    4     1     1
   2    2    0   4.719801  -156.050392   -23.139789      157.757   18.80133    9.22113    4     1     1
   4    0    0   4.449000    68.463715     9.712047      69.1491   19.95709    0.78321    2     1     1
   0    1    1   4.183655    59.038265     7.024345      59.4547   21.23709    1.01804    4     1     1
   4    1    0   4.131442   -26.392783    -6.088994      27.0861   21.50866    0.20579    4     1     1
   1    1    1   4.072627    76.466715    15.864313       78.095   21.82306    3.31975    8     1     1
   3    2    0   4.059602   228.476167    29.013911      230.311   21.89394   14.33931    4     1     1
   2    0    1   4.025897     1.951629    -0.697607      2.07256   22.07953    0.00114    4     1     1
   2    1    1   3.786045   126.959188     7.272796      127.167   23.49762    7.54449    8     1     1
   1    3    0   3.633541   -91.623917   -16.853124       93.161   24.49883    1.85497    4     1     1
   4    2    0   3.475632  -286.481146   -42.001969      289.544   25.63040   16.29457    4     1     1
   1    2    1   3.440395  -377.999048   -50.008693      381.293   25.89744   55.29261    8     1     1
   2    3    0   3.425636   102.065498    10.739682      102.629   26.01097    1.98450    4     1     1
   3    1    1   3.418899   148.611666    22.809373      150.352   26.06312    8.48246    8     1     1
   5    1    0   3.390227   209.665557    28.544094        211.6   26.28748    8.24975    4     1     1
   2    2    1   3.262361  -292.157882   -39.893741      294.869   27.33741   29.49085    8     1     1
   4    0    1   3.168787   330.536513    39.231560      332.857   28.16107   17.64092    4     1     1
   3    3    0   3.146534   179.217970    15.641728      179.899   28.36439    5.07475    4     1     1
   4    1    1   3.047781     8.461037     0.610277      8.48302   29.30366    0.02105    8     1     1
   3    2    1   3.018595  -235.404615   -34.566683      237.929   29.59343   16.21644    8     1     1
   5    2    0   2.998806   367.188240    45.176052      369.957   29.79323   19.32316    4     1     1
   6    0    0   2.966000    41.720930    -3.101138       41.836   30.13052    0.12061    2     1     1
   0    3    1   2.867071   -65.089138    -9.067516      65.7177   31.19618    0.55237    4     1     1
   6    1    0   2.866070   -91.853275    -9.513243      92.3446   31.20735    1.08982    4     1     1
   4    3    0   2.850098    78.787954    11.790277      79.6653   31.38673    0.80114    4     1     1
   1    3    1   2.830571   143.431100    20.180681      144.844   31.60889    5.21675    8     1     1
   0    4    0   2.783800    67.400944     5.338892      67.6121   32.15422    0.27387    2     1     1
   4    2    1   2.753980  -261.436486   -38.001341      264.184   32.51199   16.32995    8     1     1
   1    4    0   2.750353   -51.007787   -13.172531      52.6812   32.55605    0.32373    4     1     1
   2    3    1   2.728907   -98.208507   -11.495077       98.879   32.81910    2.24150    8     1     1
   5    1    1   2.710905   -53.947935    -6.854389      54.3816   33.04327    0.66808    8     1     1
   2    4    0   2.656811  -116.816357   -13.638675       117.61   33.73596    1.49354    4     1     1
   6    2    0   2.617720  -141.735916   -19.775313      143.109   34.25519    2.13908    4     1     1
   3    3    1   2.581375   203.443125    28.038095      205.366   34.75272    8.53742    8     1     1
   5    3    0   2.568966   130.895885    19.967423       132.41   34.92596    1.75536    4     1     1
   3    4    0   2.520098  -263.498775   -37.760352      266.191   35.62569    6.79313    4     1     1
   5    2    1   2.497910  -135.442206   -17.470987      136.564   35.95289    3.50501    8     1     1
   6    0    1   2.478855   506.518428    76.962009      512.332   36.23882   24.24045    4     1     1
   7    1    0   2.478509    22.463645     1.821766      22.5374   36.24405    0.04689    4     1     1
   6    1    1   2.419625   -45.865678    -7.365557      46.4533   37.15793    0.37721    8     1     1
   4    3    1   2.409992   -58.401690   -10.764900      59.3855   37.31193    0.61088    8     1     1
   4    4    0   2.359900  -217.859365   -36.422950      220.883   38.13415    4.02718    4     1     1
   1    4    1   2.348779   330.933638    46.627824      334.202   38.32173   18.23956    8     1     1
   6    3    0   2.317088    61.210327    10.198065       62.054   38.86678    0.30474    4     1     1
   7    2    0   2.312600   286.622347    46.666839      290.397   38.94525    6.64401    4     1     1
   2    4    1   2.289712  -200.747779   -32.914973      203.428   39.35051    6.37278    8     1     1
   6    2    1   2.264547   -97.202464   -10.177771      97.7339   39.80617    1.43381    8     1     1
   0    0    2   2.257200  -610.802541   -86.538203      616.902   39.94123   14.17432    2     1     1
   5    3    1   2.232762    30.516934    -1.949656      30.5792   40.39734    0.13583    8     1     1
   8    0    0   2.224500   -45.711963    -0.961415      45.7221   40.55396    0.07527    2     1     1
   1    5    0   2.209804  -232.318830   -36.875190      235.227   40.83565    3.92332    4     1     1
   3    4    1   2.200454   253.045000    38.052386       255.89   41.01695    9.19439    8     1     1
   1    1    2   2.195310   120.932036    18.416642      122.326   41.11740    2.08970    8     1     1
   5    4    0   2.192753  -355.350634   -46.737413      358.411   41.16752    8.94533    4     1     1
   2    0    2   2.187901  -341.922473   -56.006102      346.479   41.26298    8.31651    4     1     1
   8    1    0   2.181397  -124.795388    -6.712309      124.976   41.39163    1.07453    4     1     1
   7    1    1   2.172605  -181.273927   -24.455248      182.916   41.56688    4.56037    8     1     1
   2    5    0   2.160401    35.075364     3.647186      35.2645   41.81266    0.08364    4     1     1
   2    1    2   2.146852    72.068456     5.576017      72.2838   42.08904    0.69255    8     1     1
   7    3    0   2.097461   -91.838285   -10.324544      92.4168   43.12909    0.53587    4     1     1
   0    2    2   2.091827    98.315897     8.289222      98.6647   43.25109    0.60692    4     1     1
   4    4    1   2.091385  -141.860237   -24.391181      143.942   43.26070    2.58222    8     1     1
   3    5    0   2.084949   -99.387447    -3.917884      99.4646   43.40100    0.61202    4     1     1
   1    2    2   2.077524   -37.917952    -8.197000      38.7938   43.56402    0.18464    8     1     1
   3    1    2   2.072763   -41.483283   -12.751941       43.399   43.66923    0.22983    8     1     1
   8    2    0   2.065721   173.050578    28.686271      175.412   43.82578    1.86223    4     1     1
   6    3    1   2.061412   -25.441131    -2.799640      25.5947   43.92215    0.07890    8     1     1
   7    2    1   2.058250    19.752751     1.980975      19.8518   43.99315    0.04730    8     1     1
   2    2    2   2.036313   145.451075    22.504874      147.182   44.49226    2.53449    8     1     1
   6    4    0   2.029801  -110.524017   -19.492905       112.23   44.64268    0.73125    4     1     1
   4    0    2   2.012948   -87.396294   -10.057851      87.9731   45.03685    0.44049    4     1     1
   0    5    1   1.997234    50.746062    14.758325      52.8486   45.41091    0.15602    4     1     1
   8    0    1   1.995401   418.064365    68.577544      423.652   45.45495   10.00433    4     1     1
   4    5    0   1.991470     1.255735    -2.991469      3.24434   45.54971    0.00058    4     1     1
   1    5    1   1.984773    17.887045     8.737908      19.9072   45.71209    0.04362    8     1     1
   4    1    2   1.980842    54.057420     6.070929      54.3973   45.80796    0.32416    8     1     1
   3    2    2   1.972763  -188.727845   -28.026392      190.797   46.00632    3.94918    8     1     1
   5    4    1   1.972391   156.788232    23.845725      158.591   46.01548    2.72725    8     1     1
   8    1    1   1.964115   -50.435478    -7.586681      51.0029   46.22061    0.27924    8     1     1
   2    5    1   1.948746    39.585641     9.112988       40.621   46.60654    0.17383    8     1     1
   9    1    0   1.946876  -125.062776   -21.144556      126.838   46.65396    0.84544    4     1     1
   1    3    2   1.917359    49.315814    15.750294      51.7699   47.41579    0.27154    8     1     1
   8    3    0   1.908069    85.138787     9.292666      85.6444   47.66091    0.36725    4     1     1
   7    3    1   1.902176   -48.743327   -18.429681      52.1111   47.81775    0.26991    8     1     1
   4    2    2   1.893023   245.089784    40.149657      248.357   48.06351    6.05968    8     1     1
   3    5    1   1.892829    24.499279     7.756341      25.6978   48.06874    0.06486    8     1     1
   5    5    0   1.887920   117.412849    19.692180      119.053   48.20164    0.69170    4     1     1
   2    3    2   1.884821   -65.212920   -10.128654      65.9948   48.28595    0.42341    8     1     1
   5    1    2   1.878858  -157.259829   -26.987112      159.559   48.44899    2.45617    8     1     1
   8    2    1   1.878407   -73.386867    -9.893256      74.0507   48.46140    0.52872    8     1     1
   7    4    0   1.877255  -253.802732   -41.263921      257.135   48.49305    3.18283    4     1     1
   9    2    0   1.863311   245.633301    38.992233      248.709   48.87957    2.92440    4     1     1
   0    6    0   1.855867   456.723423    72.733888      462.479   49.08854    5.00720    2     1     1
   6    4    1   1.851277    -0.306592     1.186592      1.22556   49.21831    0.00014    8     1     1
   1    6    0   1.845856   -43.232568    -2.415098         43.3   49.37249    0.08664    4     1     1
   3    3    2   1.834088  -126.280407   -14.551626      127.116   49.71070    1.47038    8     1     1
   4    5    1   1.822058   -13.211167     1.831117      13.3375   50.06143    0.01593    8     1     1
   2    6    0   1.816771   282.671987    46.501009      286.471   50.21720    3.64872    4     1     1
   5    2    2   1.803420  -282.420314   -43.358189      285.729   50.61505    7.13041    8     1     1
   6    0    2   1.796210    -3.708157     2.960857      4.74522   50.83266    0.00097    4     1     1
   9    1    1   1.787717    -1.066760     0.429184      1.14986   51.09148    0.00011    8     1     1
   6    5    0   1.780900   -38.723481   -11.308458      40.3409   51.30124    0.06892    4     1     1
  10    0    0   1.779600  -148.770932   -17.303855      149.774   51.34143    0.47416    2     1     1
   6    1    2   1.773287    96.620093     9.167660       97.054   51.53758    0.78953    8     1     1
   3    6    0   1.771207    37.178049     2.427203      37.2572   51.60255    0.05801    4     1     1
   4    3    2   1.769485   -73.979344   -11.431860      74.8574   51.65649    0.46723    8     1     1
   8    3    1   1.757530    44.383592     6.051770      44.7943   52.03407    0.16455    8     1     1
  10    1    0   1.757299    30.016011     4.053530      30.2885   52.04141    0.03760    4     1     1
   0    4    2   1.753273   -32.079933    -4.563485      32.4029   52.16991    0.04280    4     1     1
   9    3    0   1.745146  -174.630867   -31.542777      177.457   52.43130    1.26907    4     1     1
   1    4    2   1.744826    67.384918    12.853782      68.5999   52.44167    0.37912    8     1     1
   5    5    1   1.741746  -156.350909   -23.582949      158.119   52.54147    2.00551    8     1     1
   8    4    0   1.737816   101.488481    18.422788      103.147   52.66944    0.42436    4     1     1
   7    4    1   1.733361   -27.947091    -4.061456      28.2407   52.81527    0.06322    8     1     1
   9    2    1   1.722366   144.649606    20.322276       146.07   53.17880    1.66514    8     1     1
   2    4    2   1.720197    86.829058    13.230881      87.8313   53.25111    0.60018    8     1     1
   4    6    0   1.712818    38.965027     6.263676      39.4653   53.49874    0.05995    4     1     1
   6    2    2   1.709450   102.322264    18.585133      103.996   53.61258    0.82857    8     1     1
   1    6    1   1.708552  -116.729520   -15.848993      117.801   53.64301    1.06176    8     1     1
   5    3    2   1.695653  -106.890768   -18.810393      108.533   54.08419    0.88463    8     1     1
  10    2    0   1.695113   266.211831    41.436314      269.417   54.10280    2.72344    4     1     1
   2    6    1   1.685408    -9.760618    -2.710640        10.13   54.44002    0.00759    8     1     1
   3    4    2   1.681371   227.230666    36.322853      230.115   54.58159    3.89478    8     1     1
   7    5    0   1.675189    44.194814     4.039057       44.379   54.79989    0.07178    4     1     1
   7    1    2   1.668848   -11.792376    -1.741111      11.9202   55.02568    0.01026    8     1     1
   6    5    1   1.656651    19.121539     2.461337      19.2793   55.46555    0.02636    8     1     1
  10    0    1   1.655605   197.777838    26.552291      199.552   55.50363    1.40974    4     1     1
   3    6    1   1.648841   -14.581993    -2.412240      14.7802   55.75112    0.01531    8     1     1
   5    6    0   1.645593   114.043137    13.149826      114.799   55.87076    0.45962    4     1     1
  10    1    1   1.637603   -82.563434   -10.012496      83.1683   56.16745    0.47671    8     1     1
   4    4    2   1.631180   178.076378    34.617000       181.41   56.40833    2.24619    8     1     1
   9    3    1   1.627755     6.567604    -4.135232      7.76103   56.53770    0.00409    8     1     1
   8    4    1   1.621801   -19.972612    -2.257330      20.0998   56.76403    0.02718    8     1     1
   6    3    2   1.616839   -62.390144    -9.909880      63.1723   56.95412    0.26651    8     1     1
   7    2    2   1.615312  -252.919485   -45.030347      256.897   57.01289    4.39701    8     1     1
   9    4    0   1.612056  -224.375882   -37.692765       227.52   57.13865    1.71586    4     1     1
  10    3    0   1.604693    36.937432     7.914072      37.7757   57.42514    0.04677    4     1     1
   4    6    1   1.601427   197.283253    29.270729      199.443   57.55320    2.59426    8     1     1
  11    1    0   1.601009     6.114045    -4.356531      7.50739   57.56963    0.00184    4     1     1
  10    2    1   1.586928  -198.298812   -32.504075      200.945   58.12899    2.57497    8     1     1
   1    7    0   1.584425    26.064387     4.829712      26.5081   58.22962    0.02232    4     1     1
   8    0    2   1.584394    40.976851     1.205913      40.9946   58.23090    0.05337    4     1     1
   1    5    2   1.579058   210.665852    35.247524      213.594   58.44669    2.87384    8     1     1
   8    5    0   1.573856   -45.407605   -12.683596      47.1458   58.65865    0.06944    4     1     1
   6    6    0   1.573267     8.260288    -3.185546      8.85325   58.68277    0.00245    4     1     1
   5    4    2   1.572801   283.671483    44.845732      287.194   58.70185    5.14489    8     1     1
   7    5    1   1.570544  -268.232549   -41.624568      271.443   58.79446    4.57974    8     1     1
   8    1    2   1.568595    83.206941     6.212471      83.4385   58.87472    0.43140    8     1     1
   2    7    0   1.565916   -48.625272    -0.958879      48.6347   58.98539    0.07298    4     1     1
   2    5    2   1.560733   -29.823431    -3.363610      30.0125   59.20072    0.05513    8     1     1
  11    2    0   1.553560   137.369377    22.019009      139.123   59.50154    0.58559    4     1     1
   5    6    1   1.546078     3.165989     4.595450      5.58047   59.81874    0.00186    8     1     1
   7    3    2   1.536500    63.944323     9.786618      64.6889   60.23006    0.24641    8     1     1
   3    7    0   1.536457   166.731388    29.068059      169.246   60.23191    0.84328    4     1     1
   3    5    2   1.531561    65.190994     3.767647      65.2998   60.44453    0.24910    8     1     1
   8    2    2   1.523891  -150.732161   -27.270612      153.179   60.78081    1.35386    8     1     1
   9    4    1   1.518165  -195.476201   -30.370944      197.821   61.03444    2.23714    8     1     1
  10    3    1   1.512010    63.420322    11.562770      64.4658   61.30957    0.23521    8     1     1
   6    4    2   1.509297    98.420105    18.556067      100.154   61.43169    0.56523    8     1     1
  11    1    1   1.508927   130.534595    26.469778      133.191   61.44840    0.99903    8     1     1
   0    7    1   1.500323   117.618317    18.269827      119.029   61.83935    0.39336    4     1     1
  10    4    0   1.499403   139.868437    27.937895      142.631   61.88149    0.56398    4     1     1
   7    6    0   1.498960    76.283178    14.473378      77.6441   61.90180    0.16701    4     1     1
   4    7    0   1.497876   -42.651745    -6.752114      43.1829   61.95155    0.05157    4     1     1
   1    7    1   1.495020   110.177962    19.893800       111.96   62.08299    0.69003    8     1     1
   4    5    2   1.493338    -1.175998     2.936337      3.16308   62.16069    0.00055    8     1     1
   0    1    3   1.491245   -40.915478    -6.389896      41.4114   62.25766    0.04691    4     1     1
   8    5    1   1.486131    31.964387     5.566244      32.4454   62.49594    0.05711    8     1     1
   1    1    3   1.486036   -52.995977   -14.128622       54.847   62.50037    0.16317    8     1     1
   6    6    1   1.485635   341.170303    62.305083      346.813   62.51916    6.51968    8     1     1
   2    0    3   1.483732     2.138111    -0.324719      2.16263   62.60840    0.00013    4     1     1
  11    3    0   1.483064  -129.802284   -17.196502      130.936   62.63976    0.46268    4     1     1
  12    0    0   1.483000  -278.304051   -52.653432      283.241   62.64280    1.08243    2     1     1
   2    7    1   1.479440   107.260370    12.816498      108.023   62.81065    0.62608    8     1     1
   9    5    0   1.478621   -52.479841   -10.233770      53.4683   62.84940    0.07659    4     1     1
   9    1    2   1.474256    98.421449    19.853787      100.404   63.05684    0.53624    8     1     1
   2    1    3   1.470733   -88.388628    -6.616107      88.6359   63.22530    0.41547    8     1     1
  12    1    0   1.470020    29.700049     8.441397      30.8764   63.25951    0.02518    4     1     1
  11    2    1   1.469007   172.920230    31.758658      175.812   63.30821    1.62994    8     1     1
   8    3    2   1.457189   -62.696136    -8.911686      63.3263   63.88206    0.20734    8     1     1
   3    7    1   1.454523   169.240730    33.503895      172.525   64.01305    1.53207    8     1     1
   5    7    0   1.452292   145.085102    29.719617      148.098   64.12310    0.56237    4     1     1
   5    5    2   1.448155   -94.957174   -18.467700      96.7363   64.32827    0.47656    8     1     1
   1    2    3   1.447860   271.975739    46.362681      275.899   64.34292    3.87457    8     1     1
   3    1    3   1.446246   -91.961685   -20.311586      94.1781   64.42341    0.45024    8     1     1
   7    4    2   1.443324   227.920858    39.974927        231.4   64.56961    2.70482    8     1     1
   9    2    2   1.436958  -216.619833   -37.591541      219.857   64.89064    2.41566    8     1     1
   2    2    3   1.433695   182.000213    36.053218      185.537   65.05650    1.71089    8     1     1
   0    6    2   1.433535  -386.284500   -69.534420      392.493   65.06466    3.82718    4     1     1
  12    2    0   1.433035    94.384520    17.218908      95.9423   65.09018    0.22849    4     1     1
   1    6    2   1.428907    22.834409     2.109251      22.9316   65.30158    0.02592    8     1     1
   4    0    3   1.425469  -244.141848   -36.733747       246.89   65.47873    1.49381    4     1     1
   8    6    0   1.425049   -16.417489     2.205821       16.565   65.50046    0.00672    4     1     1
  10    4    1   1.422968  -130.595349   -27.125754      133.383   65.60829    0.86831    8     1     1
   7    6    1   1.422589    30.487816     5.017029      30.8979   65.62795    0.04656    8     1     1
   4    7    1   1.421662    24.335041    -1.167279       24.363   65.67614    0.02891    8     1     1
   2    6    2   1.415286  -247.615227   -44.762058      251.629   66.00967    3.05023    8     1     1
   4    1    3   1.413931   -27.662291    -0.599393      27.6688   66.08100    0.03680    8     1     1
   3    2    3   1.410984   163.688740    32.184820      166.823   66.23676    1.33090    8     1     1
  11    3    1   1.408980    67.800203    13.011156      69.0374   66.34307    0.22715    8     1     1
  12    0    1   1.408925   -44.330035    -5.533269       44.674   66.34601    0.04755    4     1     1
   9    5    1   1.405169   -84.401276   -13.670017      85.5011   66.54637    0.34616    8     1     1
   6    7    0   1.401851  -134.674678   -18.185534      135.897   66.72444    0.43477    4     1     1
  11    4    0   1.398762  -158.561824   -26.049104      160.687   66.89115    0.60466    4     1     1
   6    5    2   1.398129    32.751901    10.852649      34.5031   66.92541    0.05570    8     1     1
  12    1    1   1.397781  -107.438837   -10.902456      107.991   66.94429    0.54528    8     1     1
  10    0    2   1.397500   119.521984    16.944038      120.717   66.95951    0.34053    4     1     1
   0    3    3   1.394552    41.912314     8.536512      42.7728   67.11981    0.04254    4     1     1
   3    6    2   1.393424   -34.250360    -2.457646      34.3384   67.18131    0.05472    8     1     1
   0    8    0   1.391900  -104.628793   -10.314497      105.136   67.26469    0.12792    2     1     1
   1    3    3   1.390289  -113.564432   -18.052260       114.99   67.35302    0.61039    8     1     1
  10    5    0   1.390253   -24.637969    -7.983898      25.8993   67.35503    0.01548    4     1     1
   1    8    0   1.387662     9.014267     0.995597      9.06908   67.49765    0.00189    4     1     1
  10    1    2   1.386622   -18.902049    -3.824104       19.285   67.55508    0.01706    8     1     1
   5    7    1   1.382513    71.404276    13.327212      72.6374   67.78303    0.24033    8     1     1
   4    2    3   1.380927   202.345455    34.850620      205.325   67.87146    1.91513    8     1     1
   9    3    2   1.380628   157.562192    30.046759      160.402   67.88817    1.16818    8     1     1
   2    3    3   1.377733    71.884456    10.683792      72.6741   68.05029    0.23861    8     1     1
  12    3    0   1.377147    27.529852     5.410130      28.0564   68.08322    0.01776    4     1     1
   8    4    2   1.376990   -86.657110   -17.433547      88.3933   68.09208    0.35255    8     1     1
   5    1    3   1.375400    37.562190     6.060768       38.048   68.18162    0.06514    8     1     1
   2    8    0   1.375176  -127.813410   -20.940514      129.517   68.19421    0.37727    4     1     1
