   h    k    l      d (Å)      F(real)      F(imag)          |F|         2θ          I    M ID(λ) Phase
   1    1    0  10.390614     7.922422   -17.761167       19.448    8.50981    0.07360    4     1     1
   1    1   -1   9.925194    16.739430    -5.071637      17.4909    8.90965    0.05428    4     1     1
   2    0    0   9.491463 -1098.151557  -166.685758      1110.73    9.31767  100.00000    2     1     1
   0    0    2   8.775545  -928.145569  -129.625030      937.154   10.07971   60.75171    2     1     1
   2    0   -2   8.260117   760.189307   104.768845      767.375   10.71046   36.03556    2     1     1
   1    1    1   8.201713    13.414872     7.189687      15.2201   10.78696    0.02795    4     1     1
   1    1   -2   7.552175    39.790181     3.328013      39.9291   11.71783    0.16270    4     1     1
   0    2    0   6.207850   113.745602     5.568410      113.882   14.26735    0.44380    2     1     1
   1    1    2   6.090077   118.310098    12.296844      118.947   14.54474    0.93108    4     1     1
   3    1   -1   6.015232    31.378527   -11.994376      33.5928   14.72671    0.07241    4     1     1
   0    2    1   5.852544   776.631544   127.209358      786.981   15.13844   37.56558    4     1     1
   3    1   -2   5.744435   -78.485440    -4.078448      78.5913   15.42506    0.36057    4     1     1
   1    1   -3   5.642669   -15.517414    -9.228535      18.0543   15.70499    0.01834    4     1     1
   3    1    0   5.637690    95.945785   -10.983938      96.5725   15.71895    0.52385    4     1     1
   2    0    2   5.462383  -194.470133   -65.799312        205.3   16.22677    1.10924    2     1     1
   2    2   -1   5.301416   670.582312    77.376404      675.032   16.72294   22.55023    4     1     1
   2    2    0   5.195307    67.313355     0.940441      67.3199   17.06701    0.21511    4     1     1
   4    0   -2   5.094615    -4.245247    49.527391       49.709   17.40693    0.05632    2     1     1
   0    2    2   5.067980    32.411686    -1.333494      32.4391   17.49913    0.04745    4     1     1
   3    1   -3   5.033832   -68.006694   -17.673928      70.2658   17.61877    0.21954    4     1     1
   2    2   -2   4.962597   -18.549440    -7.768326      20.1104   17.87374    0.01746    4     1     1
   3    1    1   4.892271   294.437057    52.393467      299.062   18.13282    3.74874    4     1     1
   2    0   -4   4.757423 -1186.195705  -177.653444      1199.43   18.65132   28.44987    2     1     1
   4    0    0   4.745731   923.238804   140.014302      933.795   18.69767   17.15603    2     1     1
   2    2    1   4.713522  -316.434688    -7.681021      316.528   18.82660    3.88704    4     1     1
   1    1    3   4.685444    15.476092     2.429229      15.6656   18.94046    0.00940    4     1     1
   1    1   -4   4.394838    88.320171    20.242850      90.6103   20.20560    0.27527    4     1     1
   0    0    4   4.387772   329.398491    51.746535      333.438   20.23848    1.85756    2     1     1
   2    2   -3   4.380144   -39.219228    34.638659      52.3258   20.27411    0.09116    4     1     1
   3    1   -4   4.259504    11.616400     4.717266      12.5377   20.85465    0.00494    4     1     1
   0    2    3   4.257604   214.398235    74.238646      226.888   20.86406    1.61501    4     1     1
   3    1    2   4.131249   381.207091    54.264781       385.05   21.50968    4.36629    4     1     1
   4    0   -4   4.130058   -41.517284   -23.393593      47.6544   21.51595    0.03342    2     1     1
   2    2    2   4.100857   -16.230472    -2.272761      16.3888   21.67101    0.00779    4     1     1
   1    3    0   4.043585  -373.239228   -66.461511       379.11   21.98174    4.04577    4     1     1
   1    3   -1   4.014512   466.559095    65.095600      471.078   22.14294    6.15248    4     1     1
   4    2   -1   3.947697  -325.306219   -31.975986      326.874   22.52257    2.85918    4     1     1
   4    2   -2   3.938202    17.721128     2.570620      17.9066   22.57759    0.00854    4     1     1
   5    1   -2   3.914012  -501.129871   -61.976798      504.948   22.71897    6.70051    4     1     1
   1    3    1   3.870173  -579.689161   -79.718364      585.145   22.97980    8.78603    4     1     1
   5    1   -1   3.854035   679.010840    87.769518       684.66   23.07734   11.92267    4     1     1
   1    3   -2   3.795111   167.910785    26.265167      169.953   23.44070    0.71104    4     1     1
   5    1   -3   3.787186  -339.649133   -38.478598      341.822   23.49044    2.86361    4     1     1
   2    2   -4   3.776087    31.172198     0.691212      31.1799   23.56048    0.02368    4     1     1
   4    2    0   3.770233    57.701134     7.810446      58.2273   23.59758    0.08231    4     1     1
   1    1    4   3.762681   -82.083744    -5.150950      82.2452   23.64563    0.16351    4     1     1
   4    2   -3   3.745572 -1012.793033  -145.744879      1023.23   23.75521   25.06510    4     1     1
   5    1    0   3.630633   228.378201    38.566240      231.612   24.51876    1.20182    4     1     1
   4    0    2   3.621555  -302.580625   -40.289777      305.251   24.58117    1.03820    2     1     1
   3    1   -5   3.597644  -155.693842   -15.778787      156.491   24.74713    0.53807    4     1     1
   0    2    4   3.583102    26.097789     4.312473      26.4517   24.84917    0.01524    4     1     1
   1    1   -5   3.566112   159.316324    30.070545      162.129   24.96946    0.56678    4     1     1
   1    3    2   3.561002   473.990005    67.384601      478.756   25.00587    4.92709    4     1     1
   3    3   -1   3.545856  -434.820015   -77.784717      441.723   25.11442    4.15627    4     1     1
   2    2    3   3.526514 -1188.859571  -153.085072      1198.68   25.25443   30.25005    4     1     1
   5    1   -4   3.521055   404.503968    55.989321       408.36   25.29424    3.49921    4     1     1
   3    1    3   3.494382  -576.253636   -67.853967      580.235   25.49055    6.95054    4     1     1
   2    0    4   3.494288  -316.370879     7.771555      316.466   25.49125    1.03374    2     1     1
   3    3   -2   3.487858  -609.440856   -90.324480      616.098   25.53903    7.80497    4     1     1
   4    2    1   3.470520   573.378154    65.052848      577.057   25.66879    6.77438    4     1     1
   1    3   -3   3.464692   263.746391    25.718649      264.997   25.71271    1.42348    4     1     1
   3    3    0   3.463538   -47.148388    11.494162      48.5292   25.72142    0.04770    4     1     1
   4    2   -4   3.438590   -49.024795    -8.447921      49.7473   25.91127    0.04936    4     1     1
   6    0   -2   3.438065   545.945767    87.569485      552.924   25.91530    3.04774    2     1     1
   5    1    1   3.316851  -544.295885   -83.357851      550.642   26.87980    5.59585    4     1     1
   3    3   -3   3.308398   668.361355    82.337490      673.414   26.94977    8.32339    4     1     1
   3    3    1   3.267230   -89.596270     1.845143      89.6153   27.29588    0.14347    4     1     1
   2    2   -5   3.250691   975.067925   144.125908      985.662   27.43746   17.16632    4     1     1
   6    0   -4   3.239850  -111.588485    15.774483      112.698   27.53108    0.11140    2     1     1
   1    3    3   3.203406   484.045699    74.118845      489.687   27.85056    4.10463    4     1     1
   5    1   -5   3.192921   228.929038    31.496763      231.086   27.94388    0.90760    4     1     1
   2    0   -6   3.167342  2441.449019   318.537011      2462.14   28.17418   50.62455    2     1     1
   6    0    0   3.163821 -1929.438565  -269.740770       1948.2   28.20619   31.61943    2     1     1
   4    2    2   3.128155   -19.878364    -0.719777      19.8914   28.53456    0.00643    4     1     1
   1    1    5   3.127952  -232.458114   -31.261817      234.551   28.53645    0.89417    4     1     1
   1    3   -4   3.105771   449.538407    61.723545      453.756   28.74462    3.29506    4     1     1
   0    4    0   3.103925 -1763.798054  -224.854758      1778.07   28.76209   25.26536    2     1     1
   4    2   -5   3.095482  -615.209581   -60.176460      618.146   28.84223    6.07100    4     1     1
   4    0   -6   3.090577 -1569.553036  -227.557957      1585.96   28.88901   19.91283    2     1     1
   3    1   -6   3.072936   -89.460772   -22.501309      92.2472   29.05848    0.13306    4     1     1
   3    3   -4   3.056887   606.373979    75.389946      611.043   29.21443    5.77207    4     1     1
   0    4    1   3.056495   -82.151472    -9.364490      82.6835   29.21826    0.10566    4     1     1
   0    2    5   3.055563   446.580520    44.328590      448.775   29.22737    3.11054    4     1     1
   2    2    4   3.045038   -17.230186     2.212772      17.3717   29.33065    0.00463    4     1     1
   3    3    2   3.008427   301.207112    40.359830      303.899   29.69575    1.37870    4     1     1
   6    2   -2   3.007616   -26.994315     3.320119      27.1977   29.70394    0.01104    4     1     1
   3    1    4   2.992196  -477.818510   -53.896585      480.849   29.86057    3.41100    4     1     1
   1    1   -6   2.988256   -56.833786   -12.339989       58.158   29.90086    0.04975    4     1     1
   5    1    2   2.982457  -185.104302   -38.533649      189.073   29.96036    0.52362    4     1     1
   6    2   -3   2.979610   183.421633    36.938444      187.104   29.98965    0.51170    4     1     1
   2    4   -1   2.969212   -75.896464   -11.711753      76.7948   30.09716    0.08554    4     1     1
   2    4    0   2.950179  1440.841712   215.633230      1456.89   30.29596   30.35569    4     1     1
   6    2   -1   2.949431  1524.925350   198.756143      1537.82   30.30384   33.80327    4     1     1
   0    4    2   2.926272   430.127371    60.466088      434.357   30.54948    2.65040    4     1     1
   0    0    6   2.925182  -739.149138  -121.788873      749.115   30.56115    3.93850    2     1     1
   5    3   -2   2.921356  -141.054668   -22.342829      142.813   30.60215    0.28546    4     1     1
   2    4   -2   2.905557  -512.292204   -62.542765      516.096   30.77266    3.68373    4     1     1
   5    3   -1   2.896162   157.486412     5.464481      157.581   30.87497    0.34099    4     1     1
   6    2   -4   2.872217  -113.677372   -12.690959      114.384   31.13886    0.17640    4     1     1
   5    3   -3   2.867471    57.404596    13.363506      58.9396   31.19171    0.04667    4     1     1
   5    1   -6   2.862840   108.411808     9.008337      108.785   31.24345    0.15841    4     1     1
   7    1   -3   2.860889   355.730390    52.180137      359.537   31.26531    1.72772    4     1     1
   7    1   -2   2.857740   -38.111025     9.375029      39.2472   31.30064    0.02054    4     1     1
   1    3    4   2.856790  -367.036851   -45.487266      369.845   31.31131    1.82243    4     1     1
   2    4    1   2.852995   -21.738082     4.771170      22.2555   31.35404    0.00658    4     1     1
   2    2   -6   2.821334    88.631650    11.069245      89.3202   31.71510    0.10340    4     1     1
   6    2    0   2.818845   -28.036465    -2.305637      28.1311   31.74385    0.01024    4     1     1
   5    3    0   2.797692   329.087495    60.568311      334.615   31.99027    1.42432    4     1     1
   4    2    3   2.796677  -182.780169    -1.295238      182.785   32.00219    0.42467    4     1     1
   7    1   -4   2.790699  -399.234853   -56.278687      403.182   32.07258    2.05641    4     1     1
   3    3   -5   2.782514  -511.112103   -74.561652      516.522   32.16949    3.35316    4     1     1
   7    1   -1   2.781957  -354.703173   -59.426544      359.647   32.17610    1.62494    4     1     1
   2    4   -3   2.773835   203.687360    22.214951      204.895   32.27289    0.52400    4     1     1
   1    3   -5   2.767848  -480.414544   -78.238412      486.744   32.34460    2.94293    4     1     1
   4    2   -6   2.766671   111.290748    11.992905      111.935   32.35874    0.15549    4     1     1
   6    0   -6   2.753372   582.239631    95.981224      590.098   32.51936    2.13765    2     1     1
   5    3   -4   2.746621   -31.317754    -8.334736      32.4079   32.60152    0.01282    4     1     1
   0    4    3   2.741917    31.951362     9.857741      33.4375   32.65901    0.01360    4     1     1
   3    3    3   2.733904    65.810616    21.609804      69.2677   32.75742    0.05799    4     1     1
   4    0    4   2.731192   951.482813   147.141049      962.793   32.79088    5.58901    2     1     1
   6    2   -5   2.708737   335.502752    39.845735      337.861   33.07047    1.35140    4     1     1
   2    4    2   2.698665  -438.623561   -48.307039      441.276   33.19747    2.28621    4     1     1
   1    1    6   2.670004  -171.562357   -30.100969      174.183   33.56431    0.34781    4     1     1
   5    1    3   2.668421   195.187315    36.356373      198.544   33.58482    0.45131    4     1     1
   3    1   -7   2.662839   216.651911    29.027892      218.588   33.65732    0.54447    4     1     1
   7    1   -5   2.662000  -656.987453   -98.161705       664.28   33.66824    5.02480    4     1     1
   6    0    2   2.661465   475.410861    53.632396      478.427   33.67521    1.30263    2     1     1
   2    2    5   2.655782  -570.005230   -74.607659      574.867   33.74942    3.74350    4     1     1
   4    4   -1   2.653598    62.148608     3.666403      62.2567   33.77803    0.04382    4     1     1
   4    4   -2   2.650708   582.262368    64.506142      585.825   33.81596    3.87095    4     1     1
   7    1    0   2.649385   196.240623    29.783950      198.488   33.83336    0.44388    4     1     1
   5    3    1   2.646333   -81.148395    -4.252165      81.2597   33.87356    0.07420    4     1     1
   0    2    6   2.646128   -37.283369    -5.211496      37.6458   33.87626    0.01592    4     1     1
   6    2    1   2.642201 -1098.129301  -165.398763      1110.52   33.92814   13.81030    4     1     1
   2    4   -4   2.599566   536.182318    70.732391      540.828   34.50188    3.15798    4     1     1
   3    1    5   2.599550   512.565017    73.467404      517.803   34.50210    2.89478    4     1     1
   4    4    0   2.597653 -1339.469101  -198.735399      1354.13   34.52807   19.76489    4     1     1
   4    4   -3   2.589546  -101.559048   -18.958116      103.313   34.63959    0.11424    4     1     1
   5    3   -5   2.582097   259.159776    49.605161      263.864   34.74269    0.74039    4     1     1
   1    1   -7   2.566372   -34.707097    -4.501271      34.9978   34.96241    0.01285    4     1     1
   5    1   -7   2.561337    17.829199    -4.301109      18.3407   35.03336    0.00351    4     1     1
   8    0   -2   2.557611  -559.822724   -69.752543      564.151   35.08605    1.65629    2     1     1
   1    3    5   2.547372  -239.373292   -29.135786       241.14   35.23168    0.59976    4     1     1
   8    0   -4   2.547307   648.752033    89.767392      654.933   35.23261    2.21198    2     1     1
   0    4    4   2.533990  -559.843304   -77.767347      565.219   35.42389    3.25616    4     1     1
   2    0    6   2.529778  1316.301571   204.694039      1332.12   35.48482    9.00944    2     1     1
   3    3   -6   2.517392   -93.071012   -22.120223      95.6636   35.66528    0.09190    4     1     1
   6    2   -6   2.516916    49.198125     8.105962      49.8614   35.67224    0.02496    4     1     1
   2    4    3   2.513736  -127.487358   -15.197979       128.39   35.71889    0.16499    4     1     1
   4    2    4   2.499940   -74.181157    -3.683558      74.2726   35.92271    0.05453    4     1     1
   7    1   -6   2.497449   146.987723    33.494816      150.756   35.95976    0.22415    4     1     1
   4    4    1   2.493216   -50.265851     3.188225      50.3669   36.02290    0.02492    4     1     1
   7    1    1   2.482889   327.804945    34.843664      329.652   36.17791    1.05765    4     1     1
   4    4   -4   2.481299  -319.694590   -55.253374      324.434   36.20190    1.02294    4     1     1
   2    2   -7   2.475999  -522.801886   -81.618847      529.135   36.28207    2.70783    4     1     1
   4    2   -7   2.473735   712.253592   108.609920      720.487   36.31644    5.01001    4     1     1
   3    3    4   2.472423  -224.961097   -36.067799      227.834   36.33638    0.50038    4     1     1
   1    3   -6   2.470199  -449.453385   -81.207587      456.731   36.37024    2.00676    4     1     1
   5    3    2   2.466920   -55.803440    -1.731433      55.8303   36.42028    0.02990    4     1     1
   1    5    0   2.462164   283.411100    44.833505      286.935   36.49310    0.78619    4     1     1
   1    5   -1   2.455556   340.034315    47.552223      343.343   36.59479    1.11882    4     1     1
   6    2    2   2.446136   -52.606632    -6.387802       52.993   36.74075    0.02642    4     1     1
   1    5    1   2.421380  -237.427655   -31.606084      239.522   37.13002    0.52738    4     1     1
   2    4   -5   2.407851   -20.579289    -4.298564      21.0234   37.34632    0.00401    4     1     1
   1    5   -2   2.402667   -90.963658   -14.376878      92.0928   37.42990    0.07659    4     1     1
   5    3   -6   2.397933   246.823140    46.677491      251.198   37.50654    0.56729    4     1     1
   7    3   -3   2.396786    33.743068     7.401016      34.5452   37.52516    0.01072    4     1     1
   7    3   -2   2.394933  -131.847547   -31.331800      135.519   37.55528    0.16464    4     1     1
   5    1    4   2.390793  -133.945600    -2.793903      133.975   37.62276    0.16027    4     1     1
   8    2   -3   2.382336   342.177004    39.179308      344.413   37.76136    1.05062    4     1     1
   4    0   -8   2.378711   906.518962   139.586941      917.203   37.82108    3.71256    2     1     1
   8    0    0   2.372866   634.356297    91.091167      640.863   37.91781    1.80229    2     1     1
   8    2   -2   2.364774    64.335490    18.251440      66.8743   38.05253    0.03894    4     1     1
   4    4    2   2.356761   176.672696    10.564095      176.988   38.18691    0.27066    4     1     1
   8    2   -4   2.356623   -75.320326    -3.313685      75.3932   38.18924    0.04911    4     1     1
   7    3   -4   2.355059  -241.694772   -34.225371      244.106   38.21558    0.51401    4     1     1
   7    3   -1   2.349798  -586.583779  -112.288998      597.235   38.30447    3.06110    4     1     1
   2    0   -8   2.349540  -523.608718   -57.405038      526.746   38.30885    1.19028    2     1     1
   8    0   -6   2.348414 -1582.266908  -232.029361      1599.19   38.32794   10.95893    2     1     1
   2    2    6   2.342722   -36.349658    -2.191667      36.4157   38.42470    0.01130    4     1     1
   4    4   -5   2.342694    64.737013    15.601130      66.5904   38.42519    0.03779    4     1     1
   3    1   -8   2.339845  -142.146598   -17.688627      143.243   38.47380    0.17438    4     1     1
   1    5    2   2.339829  -166.638462   -30.486025      169.404   38.47407    0.24389    4     1     1
   3    5   -1   2.335517  -115.885042   -15.128716      116.868   38.54792    0.11558    4     1     1
   1    1    7   2.326002   360.985985    67.403354      367.225   38.71188    1.13053    4     1     1
   0    4    5   2.325246   -12.466887     5.002240       13.433   38.72496    0.00151    4     1     1
   0    2    7   2.324835   -52.633009    20.476775      56.4759   38.73208    0.02671    4     1     1
   2    4    4   2.320598   625.654994    78.803474      630.598   38.80564    3.31587    4     1     1
   6    2   -7   2.319225  -201.042948   -16.058655      201.683   38.82953    0.33872    4     1     1
   3    5   -2   2.318711   290.292982    49.247683      294.441   38.83847    0.72156    4     1     1
   7    1   -7   2.318518   433.485621    74.783525      439.889   38.84183    1.61020    4     1     1
   1    5   -3   2.311867    99.791697    15.876826      101.047   38.95809    0.08440    4     1     1
   3    5    0   2.311524  -104.503660     7.264013      104.756   38.96410    0.09068    4     1     1
   8    2   -1   2.306689  -974.848799  -162.752637      988.341   39.04909    8.03315    4     1     1
   6    4   -2   2.303906  -199.253379   -30.065896      201.509   39.09818    0.33301    4     1     1
   7    1    2   2.303555    97.648022     8.282143      97.9986   39.10438    0.07873    4     1     1
   5    1   -8   2.298170   -52.613291    -0.810358      52.6195   39.19975    0.02258    4     1     1
   8    2   -5   2.291628 -1111.632015  -180.250229      1126.15   39.31626   10.27299    4     1     1
   6    4   -3   2.291244   -53.495911    -6.859455      53.9339   39.32311    0.02355    4     1     1
   3    1    6   2.289573   187.576873    41.894810      192.198   39.35301    0.29861    4     1     1
   1    3    6   2.281160  -197.438230   -26.683146      199.233   39.50416    0.31815    4     1     1
   5    3    3   2.280172   332.385615    60.174039      337.789   39.52198    0.91361    4     1     1
   6    4   -1   2.277436    80.137686     4.076997      80.2413   39.57145    0.05141    4     1     1
   3    3   -7   2.276686   214.738930    34.453936      217.485   39.58502    0.37739    4     1     1
   7    3   -5   2.276162   -48.866447     9.087727      49.7043   39.59452    0.01970    4     1     1
   7    3    0   2.268261   225.479935    47.309550       230.39   39.73824    0.41989    4     1     1
   6    0   -8   2.267362    29.358932    42.879071      51.9669   39.75465    0.01067    2     1     1
   3    5   -3   2.263643   228.742348    52.560140      234.703   39.82274    0.43371    4     1     1
   9    1   -3   2.253957    10.587243     4.965138      11.6937   40.00115    0.00107    4     1     1
   3    5    1   2.250324  -476.929107   -85.266926      484.491   40.06849    1.82300    4     1     1
   6    2    3   2.250179    53.161347    -1.254224      53.1761   40.07119    0.02196    4     1     1
   1    1   -8   2.246376   124.708457    20.756893      126.424   40.14194    0.12362    4     1     1
   9    1   -4   2.245369   -62.435113     6.835184      62.8081   40.16072    0.03048    4     1     1
   4    2    5   2.243632  1333.376763   215.527336      1350.68   40.19316   14.07083    4     1     1
   6    4   -4   2.241319   345.958758    22.426085      346.685   40.23642    0.92479    4     1     1
   3    3    5   2.236751   102.440261     8.379485      102.782   40.32216    0.08090    4     1     1
   1    5    3   2.229146    77.825725    28.978267      83.0457   40.46573    0.05240    4     1     1
   9    1   -2   2.225953    10.214371     3.814222      10.9033   40.52633    0.00090    4     1     1
   4    2   -8   2.221228   -61.586523   -12.775830      62.8977   40.61633    0.02981    4     1     1
   2    4   -6   2.216888 -1451.825781  -222.105441      1468.72   40.69936   16.18008    4     1     1
   8    2    0   2.216466   -55.887359   -10.472611      56.8601   40.70746    0.02424    4     1     1
   6    4    0   2.215679   893.308989   152.302812      906.199   40.72255    6.15178    4     1     1
   1    3   -7   2.215511   362.730757    62.125647      368.012   40.72578    1.01438    4     1     1
   5    3   -7   2.212269  -630.059351  -111.069888      639.774   40.78812    3.05526    4     1     1
   4    4    3   2.204865    22.116837     9.028712      23.8887   40.93120    0.00423    4     1     1
   9    1   -5   2.201406   348.612444    59.215726      353.606   40.99842    0.92268    4     1     1
   2    2   -8   2.197419   -62.761558   -10.496998      63.6333   41.07615    0.02975    4     1     1
   8    2   -6   2.196498   -91.918698   -13.485695      92.9027   41.09416    0.06336    4     1     1
   1    5   -4   2.195459  -301.616943   -63.975374      308.327   41.11449    0.69710    4     1     1
   0    0    8   2.193886  -264.467203   -61.161479      271.447   41.14529    0.26970    2     1     1
   6    0    4   2.190442  -260.308106   -21.147164      261.166   41.21293    0.24875    2     1     1
   4    4   -6   2.190072  1356.801712   208.395338      1372.71   41.22021   13.73855    4     1     1
   3    5   -4   2.177985    -1.324150   -19.220961      19.2665   41.45945    0.00267    4     1     1
   7    3   -6   2.170711   385.435353    69.531415      391.657   41.60482    1.09542    4     1     1
   9    1   -1   2.165240   340.179126    40.956493      342.636   41.71484    0.83343    4     1     1
   7    3    1   2.161130   776.959156   118.358715      785.923   41.79788    4.36548    4     1     1
   6    4   -5   2.160996    23.398801    16.452856      28.6042   41.80060    0.00578    4     1     1
   3    5    2   2.160252  -528.095994   -94.013950      536.399   41.81568    2.03158    4     1     1
   5    1    5   2.151885  -153.368323   -31.155786      156.501   41.98593    0.17137    4     1     1
   4    0    6   2.142533 -1702.151242  -257.919027      1721.58   42.17793   10.26355    2     1     1
   7    1   -8   2.140675  -373.139270   -68.785851      379.426   42.21629    0.99505    4     1     1
   2    4    5   2.133819    57.182023     9.927681      58.0374   42.35845    0.02311    4     1     1
   6    2   -8   2.129752   107.202033    14.749835      108.212   42.44324    0.07997    4     1     1
   0    4    6   2.128802  1336.776906   217.147998       1354.3   42.46310   12.51251    4     1     1
   9    1   -6   2.127940   250.074814    40.288805      253.299   42.48114    0.43729    4     1     1
   5    5   -2   2.127326   474.872788    78.023070       481.24   42.49399    1.57736    4     1     1
   6    4    1   2.126756    17.078464     2.116417      17.2091   42.50595    0.00202    4     1     1
   7    1    3   2.126286  -100.548540   -11.847810      101.244   42.51580    0.06973    4     1     1
   5    5   -1   2.117538  -668.564032  -104.894279      676.743   42.70001    3.08563    4     1     1
   5    5   -3   2.106246   398.448316    69.048908      404.387   42.94025    1.08799    4     1     1
   8    2    1   2.105110   496.554969    57.644935       499.89   42.96458    1.66045    4     1     1
   1    5    4   2.102003   132.115303    23.341884      134.161   43.03126    0.11918    4     1     1
   5    3    4   2.099578  -333.315541   -72.922938      341.199   43.08343    0.76878    4     1     1
   8    0    2   2.092864   911.109821   165.611340      926.039   43.22858    2.81016    2     1     1
   2    2    7   2.089140   670.556677    93.473642       677.04   43.30953    2.99161    4     1     1
   8    2   -7   2.082363  1050.081058   152.450037      1061.09   43.45764    7.29202    4     1     1
   3    1   -9   2.081671  -122.251197   -18.829472      123.693   43.47283    0.09901    4     1     1
   9    1    0   2.079421   -31.811355   -11.774327      33.9205   43.52225    0.00743    4     1     1
   5    5    0   2.078123  -590.830025   -82.125886      596.511   43.55083    2.29345    4     1     1
   5    1   -9   2.072842  -111.262342   -14.465011      112.199   43.66747    0.08065    4     1     1
   3    5   -5   2.071879   -34.222249   -10.672243      35.8477   43.68881    0.00822    4     1     1
   0    6    0   2.069283   -61.472199    -9.414454      62.1889   43.74644    0.01234    2     1     1
   0    2    8   2.068512   -75.844222    -7.809411      76.2452   43.76360    0.03706    4     1     1
   1    5   -5   2.065803  -417.032345   -76.554529      424.001   43.82395    1.14256    4     1     1
   6    2    4   2.065625    27.572766     7.187069      28.4941   43.82794    0.00516    4     1     1
   8    0   -8   2.065029    80.819143     9.947363       81.429   43.84123    0.02105    2     1     1
   3    3   -8   2.064819   -41.836909    -9.960215      43.0062   43.84592    0.01174    4     1     1
  10    0   -4   2.062156   524.035521   113.807178      536.251   43.90548    0.90999    2     1     1
   6    4   -6   2.059764 -1220.797838  -193.856410      1236.09   43.95913    9.64355    4     1     1
   1    1    8   2.058968   190.362547    46.943597      196.065   43.97702    0.24240    4     1     1
   5    5   -4   2.056933  -311.989024   -62.416454      318.171   44.02279    0.63686    4     1     1
   1    3    7   2.055288  -226.636550   -32.745218       228.99   44.05988    0.32925    4     1     1
   0    6    1   2.055049    24.253925    12.451180      27.2632   44.06525    0.00467    4     1     1
   3    5    3   2.051576   560.538830    96.201619      568.734   44.14379    2.02234    4     1     1
   4    4    4   2.050428  -361.069573   -44.485829        363.8   44.16979    0.82639    4     1     1
   7    3   -7   2.050119   139.479533    22.973398      141.359   44.17679    0.12472    4     1     1
   3    1    7   2.041089  -332.626084   -53.528422      336.906   44.38261    0.70109    4     1     1
   7    3    2   2.039752  -527.590179   -87.352227      534.773   44.41325    1.76368    4     1     1
   2    4   -7   2.037157    17.357590    -0.214969      17.3589   44.47285    0.00185    4     1     1
   5    3   -8   2.036011  -555.911483  -106.826555      566.083   44.49922    1.96765    4     1     1
   4    4   -7   2.035895  -157.279992   -27.474397      159.662   44.50189    0.15651    4     1     1
   9    1   -7   2.033510  -544.827483   -91.023216      552.379   44.55688    1.86807    4     1     1
   3    3    6   2.030026   111.350256    20.390605      113.202   44.63748    0.07814    4     1     1
   2    6   -1   2.027887  -560.210226   -77.876354      565.597   44.68709    1.94570    4     1     1
  10    0   -2   2.027158  -570.810195  -115.893510      582.457   44.70404    1.03083    2     1     1
   4    2    6   2.025302   -27.113117    -2.163724      27.1993   44.74721    0.00449    4     1     1
   2    6    0   2.021793   -38.558529     4.886154      38.8669   44.82911    0.00912    4     1     1
   6    4    2   2.020427    16.690100    24.225870      29.4186   44.86106    0.00522    4     1     1
   0    6    2   2.014048   -23.291228    -3.489842      23.5512   45.01091    0.00332    4     1     1
   5    5    1   2.013783   704.232388   114.243825      713.439   45.01717    3.04484    4     1     1
   2    6   -2   2.007256    87.675599    13.703223        88.74   45.17161    0.04674    4     1     1
   4    2   -9   2.006271  -108.128105    13.392118      108.954   45.19503    0.07038    4     1     1
   9    3   -3   2.005077  -622.647969   -98.970538      630.465   45.22341    2.35337    4     1     1
   1    3   -8   1.999735    94.046321    25.696670      97.4937   45.35095    0.05592    4     1     1
   9    3   -4   1.999024  -454.368059   -82.985309      461.884   45.36797    1.25402    4     1     1
   1    1   -9   1.996016  -209.394514   -37.412161       212.71   45.44016    0.26501    4     1     1
   2    6    1   1.989678   847.414662   125.677655      856.683   45.59304    4.26602    4     1     1
  10    0   -6   1.988354   946.961653   150.898370      958.909   45.62512    2.66819    2     1     1
   9    3   -2   1.985286   496.141588    88.812867      504.028   45.69962    1.46892    4     1     1
   5    5   -5   1.985039  -332.352712   -53.067354      336.563   45.70563    0.65478    4     1     1
   8    4   -3   1.984027  -165.923582   -23.974835      167.647   45.73026    0.16226    4     1     1
   8    2    2   1.983194    71.899320     8.429576      72.3918   45.75057    0.03023    4     1     1
   9    1    1   1.977468  -317.994489   -50.433290      321.969   45.89060    0.59378    4     1     1
   2    0    8   1.974182  -517.637601   -86.198490      524.766   45.97135    0.78554    2     1     1
   8    4   -2   1.973849   251.770826    15.302582      252.235   45.97956    0.36283    4     1     1
   7    1   -9   1.972926   -44.370865     0.668526      44.3759   46.00230    0.01122    4     1     1
   2    2   -9   1.970390  -562.020548  -113.645879      573.396   46.06490    1.86715    4     1     1
   1    5    5   1.969131   128.659473    15.979685      129.648   46.09607    0.09531    4     1     1
   8    4   -4   1.969101   -64.853758    17.191281      67.0936   46.09681    0.02552    4     1     1
   9    3   -5   1.967812   581.939195   104.068301      591.171   46.12874    1.97850    4     1     1
   2    6   -3   1.962245  -643.351000  -138.833422       658.16   46.26720    2.43572    4     1     1
   2    4    6   1.960970 -1211.476782  -196.946123      1227.38   46.29903    8.45758    4     1     1
   7    1    4   1.959614    72.458613    -2.375312      72.4975   46.33296    0.02946    4     1     1
   8    2   -8   1.959461    54.862316    13.101897      56.4051   46.33677    0.01783    4     1     1
  10    2   -4   1.957006   102.934330    19.287600      104.726   46.39830    0.06128    4     1     1
   6    2   -9   1.955492  -573.078185  -104.791866       582.58   46.43634    1.89273    4     1     1
   3    5   -6   1.955184   135.715873    20.147287      137.203   46.44407    0.10494    4     1     1
  10    2   -3   1.953834   201.091601    52.347690      207.793   46.47806    0.24030    4     1     1
   0    6    3   1.950848  -414.217688   -99.178462      425.926   46.55337    1.00593    4     1     1
   0    4    7   1.950444    33.232835     7.608935      34.0928   46.56358    0.00644    4     1     1
   5    1    6   1.948277    98.580361    16.458324      99.9448   46.61843    0.05521    4     1     1
   6    4   -7   1.947127    78.064357    13.924030      79.2964   46.64759    0.03471    4     1     1
   9    3   -1   1.941853   812.881975   118.986743      821.544   46.78181    3.70123    4     1     1
   8    4   -1   1.939691   217.140570    22.540074      218.307   46.83706    0.26065    4     1     1
  10    2   -5   1.936192   724.045293   112.188304      732.685   46.92678    2.92331    4     1     1
   2    6    2   1.935087    18.021673     1.201412      18.0617   46.95519    0.00177    4     1     1
   3    5    4   1.933891   451.827165    77.926093      458.498   46.98597    1.14149    4     1     1
   1    5   -6   1.932826   288.029595    42.422230      291.137   47.01341    0.45964    4     1     1
   5    3    5   1.932203  -681.924283  -131.731157      694.531   47.02949    2.61379    4     1     1
   5    5    2   1.931254   312.719100    67.449623       319.91   47.05398    0.55390    4     1     1
   8    4   -5   1.930710  -106.271675   -12.864682      107.048   47.06804    0.06198    4     1     1
  10    2   -2   1.927018   -91.413858   -11.407100      92.1228   47.16368    0.04569    4     1     1
   9    1   -8   1.926973    91.700116    27.472098      95.7268   47.16484    0.04933    4     1     1
   7    3   -8   1.924074    88.097615    21.049018      90.5773   47.24021    0.04401    4     1     1
   4    6   -1   1.918267   961.271444   160.030673      974.501   47.39196    5.05698    4     1     1
   4    6   -2   1.917175   -21.147164    -3.759791      21.4788   47.42062    0.00245    4     1     1
   9    3   -6   1.914812  -100.048969    -4.834241      100.166   47.48274    0.05320    4     1     1
   7    3    3   1.913606  -629.563424   -99.590212      637.392   47.51449    2.15077    4     1     1
   4    0  -10   1.907821 -1051.233972  -181.668565      1066.82   47.66749    2.99063    2     1     1
   6    4    3   1.905727  -134.468145   -18.205410      135.695   47.72311    0.09651    4     1     1
   4    4    5   1.901745    19.328010    -0.760094      19.3429   47.82927    0.00195    4     1     1
  10    0    0   1.898293  -222.746300   -30.536348       224.83   47.92170    0.13123    2     1     1
   5    5   -6   1.897612  -318.623999   -44.095628      321.661   47.93995    0.53677    4     1     1
   2    6   -4   1.897555    35.460030    -1.944468      35.5133   47.94148    0.00654    4     1     1
   6    2    5   1.897536  -793.473128  -126.685602      803.523   47.94199    3.34926    4     1     1
   7    5   -3   1.897044  -287.028316   -48.964852      291.175   47.95522    0.43953    4     1     1
   4    6    0   1.896811  -165.839498   -15.313810      166.545   47.96147    0.14375    4     1     1
   7    5   -2   1.896125    22.997581   -15.792474      27.8979   47.97993    0.00403    4     1     1
   4    6   -3   1.893648  -145.391756    -5.574473      145.499   48.04664    0.10927    4     1     1
  10    2   -6   1.893593  -127.317255   -21.240759      129.077   48.04811    0.08599    4     1     1
   4    4   -8   1.888044  -382.757233   -50.147071      386.028   48.19829    0.76372    4     1     1
   8    4    0   1.885117  -855.269864  -127.728597      864.755   48.27789    3.81815    4     1     1
   2    2    8   1.881340    21.826196     8.353395      23.3701   48.38099    0.00278    4     1     1
   5    1  -10   1.881003    37.547257    -0.921720      37.5586   48.39022    0.00716    4     1     1
   3    3   -9   1.880890   375.865493    66.455225      381.695   48.39332    0.73985    4     1     1
   6    0  -10   1.879455   412.527470    48.831366      415.408   48.43262    0.43735    2     1     1
  10    2   -1   1.879350   790.293866   116.230668      798.795   48.43550    3.23387    4     1     1
   9    3    0   1.879230    58.817904    10.194860      59.6949   48.43880    0.01806    4     1     1
   7    5   -4   1.876151   599.999885   111.496498      610.272   48.52341    1.87978    4     1     1
   5    3   -9   1.874370   358.691082    64.641706      364.469   48.57249    0.66894    4     1     1
   7    5   -1   1.873488    88.346550    13.477050      89.3686   48.59683    0.04017    4     1     1
   2    4   -8   1.873357   415.089858    53.865147       418.57   48.60045    0.88111    4     1     1
   8    4   -6   1.872786   861.212144   146.748670      873.626   48.61623    3.83554    4     1     1
   3    1  -10   1.871936   174.436346    34.447437      177.805   48.63974    0.15870    4     1     1
   0    6    4   1.871594    20.344270    -2.663287      20.5179   48.64918    0.00211    4     1     1
   9    1    2   1.867661  -120.124556   -43.465686      127.747   48.75830    0.08147    4     1     1
   1    3    8   1.864093   404.159998    65.568668      409.444   48.85773    0.83305    4     1     1
   2    6    3   1.863389   -70.902252    -4.828218      71.0665   48.87738    0.02507    4     1     1
   2    0  -10   1.861494   140.525096    13.846600      141.206   48.93039    0.04937    2     1     1
   0    2    9   1.860482  -612.747109  -122.746660      624.921   48.95876    1.93150    4     1     1
   8    2    3   1.859054   243.477256    64.446367      251.862   48.99885    0.31316    4     1     1
  11    1   -4   1.855384  -167.425054   -43.493560      172.982   49.10217    0.14701    4     1     1
   4    6    1   1.854984  -590.347132   -85.441975      596.498   49.11343    1.74722    4     1     1
   3    3    7   1.850794  -238.341132   -36.117979      241.062   49.23200    0.28380    4     1     1
   4    6   -4   1.850060    78.618295     4.462924      78.7449   49.25283    0.03025    4     1     1
   1    1    9   1.846068  -433.820604   -72.802201      439.887   49.36646    0.93915    4     1     1
  11    1   -3   1.845229    12.278396     5.799672      13.5792   49.39039    0.00089    4     1     1
   9    3   -7   1.845138  -433.302503   -78.377181      440.334   49.39301    0.93991    4     1     1
  11    1   -5   1.844976  -178.778618   -26.357991      180.711   49.39764    0.15827    4     1     1
   4    2    7   1.839828  -763.222536  -118.827116      772.417   49.54514    2.87202    4     1     1
   3    1    8   1.838650  -119.006632   -19.813916      120.645   49.57902    0.06996    4     1     1
   1    5    6   1.838140   334.776803    62.182815      340.503   49.59370    0.55687    4     1     1
   5    5    3   1.837623  -104.433189   -19.626893      106.261   49.60859    0.05420    4     1     1
  10    0   -8   1.835903  -561.743421   -94.867653      569.698   49.65822    0.77712    2     1     1
   3    5   -7   1.835797    71.614678     6.995880      71.9556   49.66127    0.02479    4     1     1
   8    2   -9   1.835618   237.206919    69.222485      247.101   49.66646    0.29229    4     1     1
   7    5   -5   1.835522   790.310941   138.021024      802.273   49.66922    3.08075    4     1     1
  10    2   -7   1.833350 -1174.597749  -192.453616      1190.26   49.73207    6.76155    4     1     1
   7    5    0   1.831371  -320.620640   -41.674474      323.318   49.78945    0.49760    4     1     1
   6    4   -8   1.830898   464.716693    51.117541       467.52   49.80319    1.03980    4     1     1
   4    2  -10   1.823644   -27.884563    -9.473323      29.4498   50.01490    0.00409    4     1     1
   6    0    6   1.820794   247.949991    41.033412      251.322   50.09856    0.14823    2     1     1
   7    1  -10   1.819422   329.784380    50.705609       333.66   50.13895    0.52157    4     1     1
   2    6   -5   1.819009   -27.086533     6.863731      27.9426   50.15112    0.00366    4     1     1
   1    3   -9   1.816991  -274.170261   -48.986684      278.512   50.21068    0.36223    4     1     1
   9    1   -9   1.815844   279.539184    51.946886      284.325   50.24462    0.37693    4     1     1
  11    1   -2   1.815497    11.307873    18.926820      22.0475   50.25488    0.00227    4     1     1
  10    2    0   1.815317   -25.101831   -10.222717      27.1036   50.26022    0.00342    4     1     1
   8    4    1   1.815171    26.967816    -2.376348      27.0723   50.26453    0.00341    4     1     1
  11    1   -6   1.815013  -213.726898   -38.093131      217.095   50.26920    0.21950    4     1     1
   3    5    5   1.814666  -503.739219   -87.595951      511.299   50.27948    1.21700    4     1     1
   8    0    4   1.810778  -354.621125   -83.344597      364.283   50.39499    0.30727    2     1     1
   7    1    5   1.807373   348.722890    60.364740      353.909   50.49656    0.57738    4     1     1
   2    4    7   1.804903  -113.855652   -15.637865      114.925   50.57055    0.06068    4     1     1
   1    5   -7   1.803269   213.064251    27.713118      214.859   50.61960    0.21163    4     1     1
   9    3    1   1.802966   -71.856997   -13.952114       73.199   50.62870    0.02455    4     1     1
   5    5   -7   1.801519  -227.428960   -36.146288      230.283   50.67223    0.24253    4     1     1
   8    4   -7   1.800527    99.321638    18.875426      101.099   50.70214    0.04668    4     1     1
   7    3   -9   1.799521  -111.451578   -10.018707      111.901   50.73248    0.05711    4     1     1
   6    2  -10   1.798822   -75.943047   -18.871325      78.2526   50.75360    0.02790    4     1     1
   4    6    2   1.796679   -61.823359    -5.062058      62.0303   50.81845    0.01748    4     1     1
   1    1  -10   1.795122   -55.965813    -2.505985      56.0219   50.86567    0.01423    4     1     1
   0    4    8   1.791551  -336.576294   -41.530851      339.129   50.97431    0.51892    4     1     1
   4    6   -5   1.790423   693.746660    99.464826      700.841   51.00873    2.21279    4     1     1
   6    4    4   1.789674   334.743004    33.174639      336.383   51.03161    0.50924    4     1     1
   7    3    4   1.789403   247.719844    53.775268      253.489   51.03990    0.28908    4     1     1
   8    0  -10   1.785562   211.411419    51.333381      217.554   51.15761    0.10591    2     1     1
   2    2  -10   1.783056    51.086178    11.837585      52.4397   51.23469    0.01226    4     1     1
   0    6    5   1.782598  -850.813286  -130.211036       860.72   51.24882    3.30202    4     1     1
   5    3    6   1.780759   358.935187    73.386729      366.361   51.30560    0.59673    4     1     1
   2    6    4   1.780501     4.349911     0.529213      4.38199   51.31356    0.00009    4     1     1
   7    5   -6   1.778864  -425.421565   -68.223321      430.857   51.36422    0.82319    4     1     1
   5    1    7   1.774884   288.330264    34.324892      290.366   51.48783    0.37183    4     1     1
   7    5    1   1.773580   -97.926448    -8.974401      98.3368   51.52845    0.04257    4     1     1
   6    6   -2   1.772928   122.308845    11.918215      122.888   51.54879    0.06642    4     1     1
  11    1   -1   1.768910  -508.452366   -87.269664      515.887   51.67452    1.16408    4     1     1
  11    1   -7   1.768239   271.055225    36.730439      273.533   51.69556    0.32695    4     1     1
   6    6   -3   1.767139  -203.495416   -46.033153      208.637   51.73013    0.18993    4     1     1
   1    7    0   1.765980    58.918849    19.891170      62.1859   51.76660    0.01685    4     1     1
   9    3   -8   1.764447    66.553688     5.654482      66.7935   51.81489    0.01939    4     1     1
   1    7   -1   1.763536  -327.002520   -47.552329      330.442   51.84364    0.47406    4     1     1
   4    4    6   1.763257   944.991855   155.510530      957.702   51.85246    3.98045    4     1     1
   6    6   -1   1.760781  -543.297502   -63.684180      547.017   51.93083    1.29413    4     1     1
  10    2   -8   1.760527    60.557108    18.056210      63.1917   51.93886    0.01726    4     1     1
   9    1    3   1.756465   232.524746    44.522221      236.749   52.06800    0.24096    4     1     1
   0    0   10   1.755109  -581.791710   -67.221542      585.662   52.11123    0.73589    2     1     1
   1    7    1   1.750748   123.530204    21.297631      125.353   52.25084    0.06701    4     1     1
   4    4   -9   1.750655   112.685475    17.541322      114.043   52.25381    0.05546    4     1     1
   6    2    6   1.747191    -4.501921    -0.311772       4.5127   52.36528    0.00009    4     1     1
   4    0    8   1.747144    32.266957   -11.609571       34.292   52.36680    0.00249    2     1     1
   6    6   -4   1.743929    61.681408    11.009007      62.6562   52.47069    0.01658    4     1     1
   1    7   -2   1.743635  -178.607206   -36.848263      182.369   52.48020    0.14043    4     1     1
  10    2    1   1.740052  -525.198060   -94.194885      533.578   52.59656    1.19611    4     1     1
   5    5    4   1.739081   264.699264    32.833296      266.728   52.62818    0.29848    4     1     1
   8    2    4   1.738335   -18.773138    -4.648978      19.3402   52.65250    0.00157    4     1     1
   8    4    2   1.735260  -265.651431   -53.441251      270.974   52.75300    0.30640    4     1     1
   2    6   -6   1.732346   -46.004178   -13.851884      48.0443   52.84861    0.00959    4     1     1
   6    6    0   1.731769   -72.945416    -1.485021      72.9605   52.86757    0.02210    4     1     1
   5    3  -10   1.728952   300.559793    49.038553      304.534   52.96043    0.38355    4     1     1
   2    4   -9   1.726664    32.737760     4.749761      33.0805   53.03608    0.00451    4     1     1
   4    6    3   1.726591  -390.023593   -92.974954      400.952   53.03849    0.66265    4     1     1
   3    3  -10   1.721902   419.922567    72.844133      426.194   53.19424    0.74373    4     1     1
  10    0    2   1.720974  -148.941510   -56.175727      159.183   53.22518    0.05181    2     1     1
   4    6   -6   1.719459   -63.605348    -7.297682      64.0226   53.27577    0.01672    4     1     1
   8    4   -8   1.719295  -122.935379   -19.426722      124.461   53.28127    0.06319    4     1     1
   3    5   -8   1.719174   234.060904    41.049280      237.633   53.28532    0.23031    4     1     1
   1    7    2   1.719168   -13.060275    -3.252477      13.4592   53.28553    0.00074    4     1     1
  12    0   -4   1.719032  -526.592165  -108.597665      537.673   53.29005    0.58942    2     1     1
   9    3    2   1.718574  -322.940332   -42.497641      325.725   53.30540    0.43235    4     1     1
  10    4   -4   1.717636  -201.925047   -44.687276      206.811   53.33680    0.17406    4     1     1
   5    1  -11   1.717467  -318.405219   -53.708070      322.903   53.34244    0.42422    4     1     1
   3    7   -1   1.717455   275.775672    72.624471      285.178   53.34286    0.33088    4     1     1
   6    4   -9   1.716612  -214.932089   -35.243027      217.802   53.37115    0.19277    4     1     1
   8    2  -10   1.715989   -78.922069   -15.250960      80.3821   53.39203    0.02623    4     1     1
  10    4   -3   1.715490    74.181201    16.270660      75.9446   53.40882    0.02340    4     1     1
   1    5    7   1.713661  -568.468845  -108.912259      578.808   53.47035    1.35565    4     1     1
   3    7   -2   1.710739   313.559293    57.353892      318.762   53.56895    0.40944    4     1     1
   7    5   -7   1.710661  -562.470485   -96.541970      570.696   53.57157    1.31225    4     1     1
  11    1    0   1.709288   180.225157    22.330858      181.603   53.61806    0.13262    4     1     1
  11    3   -4   1.708993   -58.392052     5.959335      58.6954   53.62804    0.01385    4     1     1
   2    2    9   1.708884  -281.521575   -22.379638       282.41   53.63176    0.32052    4     1     1
  11    1   -8   1.708482    21.180352     9.342447      23.1493   53.64540    0.00215    4     1     1
   1    7   -3   1.707985  -131.046091   -17.942318      132.269   53.66225    0.07022    4     1     1
   3    7    0   1.707846    21.659772    -0.983961      21.6821   53.66695    0.00189    4     1     1
   9    1  -10   1.705620  -360.148980   -70.646611      367.013   53.74261    0.53879    4     1     1
   6    6   -5   1.705280  -841.035638  -139.818489      852.579   53.75419    2.90612    4     1     1
   7    5    2   1.704625     3.142473    13.035996      13.4094   53.77653    0.00072    4     1     1
  10    4   -5   1.703511   -81.378344   -17.278779      83.1925   53.81451    0.02760    4     1     1
   5    5   -8   1.702439   270.174273    44.258046      273.775   53.85114    0.29844    4     1     1
   1    3    9   1.701705    40.044594     7.196935      40.6862   53.87625    0.00658    4     1     1
  11    3   -3   1.701048  -216.891984   -33.523951      219.468   53.89874    0.19139    4     1     1
  11    3   -5   1.700849  -307.714541   -56.905733      312.932   53.90555    0.38901    4     1     1
   3    5    6   1.698935  -347.122162   -63.525391      352.887   53.97120    0.49333    4     1     1
   3    1  -11   1.698879   107.532832    33.260260      112.559   53.97312    0.05019    4     1     1
  12    0   -6   1.698205     4.450543     3.439988      5.62502   53.99630    0.00006    2     1     1
  10    4   -2   1.697253   -31.958542     1.915971      32.0159   54.02904    0.00405    4     1     1
   3    3    8   1.695890   215.136997    37.535581      218.387   54.07602    0.18810    4     1     1
   2    6    5   1.691830   791.852956   131.382263      802.678   54.21638    2.52619    4     1     1
   0    6    6   1.689327    62.064659    11.507388      63.1224   54.30334    0.01557    4     1     1
   0    2   10   1.688907    33.944221    10.234108      35.4534   54.31795    0.00491    4     1     1
   6    6    1   1.688303   210.152268    18.798783      210.991   54.33896    0.17365    4     1     1
   3    7   -3   1.688260  -285.059889   -39.867172      287.834   54.34048    0.32315    4     1     1
   9    5   -3   1.684230  -181.760619   -44.751696      187.189   54.48124    0.13587    4     1     1
   3    7    1   1.682713   -78.009738   -13.453908      79.1614   54.53444    0.02425    4     1     1
   4    2    8   1.681806    -0.378790     0.972475      1.04364   54.56630    0.00000    4     1     1
   7    1  -11   1.681303   154.845581    23.819642      156.667   54.58398    0.09477    4     1     1
   1    5   -8   1.681060   -80.399206   -14.098977      81.6261   54.59252    0.02572    4     1     1
   7    3  -10   1.680767  -289.131464   -56.393909       294.58   54.60285    0.33479    4     1     1
   9    5   -4   1.680638    17.586912     0.121032      17.5873   54.60738    0.00119    4     1     1
  10    2   -9   1.680134   392.458111    56.814183      396.549   54.62512    0.60612    4     1     1
   9    3   -9   1.677944  -234.624275   -34.686341      237.174   54.70237    0.21612    4     1     1
  11    3   -2   1.677670   378.268084    56.843948      382.515   54.71204    0.56194    4     1     1
  11    3   -6   1.677289   -59.743712   -16.782678      62.0562   54.72552    0.01478    4     1     1
   6    4    5   1.677006    57.101681     3.199238      57.1912   54.73552    0.01255    4     1     1
  12    0   -2   1.675956  -330.614205   -38.443077      332.842   54.77269    0.21220    2     1     1
  10    4   -6   1.674282  -752.504502  -119.839791      761.987   54.83204    2.21883    4     1     1
   1    7    3   1.673803  -233.833829   -41.502249      237.488   54.84907    0.21538    4     1     1
   1    1   10   1.672560  -309.347410   -46.532330      312.828   54.89326    0.37302    4     1     1
   9    5   -2   1.672450  -217.585315   -52.744603      223.887   54.89719    0.19104    4     1     1
   7    3    5   1.671254   444.806363    73.910841      450.905   54.93978    0.77350    4     1     1
   3    1    9   1.671171   149.947765    24.009858      151.858   54.94272    0.08772    4     1     1
   7    1    6   1.670524    37.966485     9.598925      39.1611   54.96581    0.00583    4     1     1
   4    2  -11   1.667978   739.457156   128.257631      750.498   55.05683    2.13250    4     1     1
   2    4    8   1.665795    82.449541     2.833014      82.4982   55.13510    0.02568    4     1     1
  10    4   -1   1.664413   105.344876    10.413405      105.858   55.18478    0.04220    4     1     1
   9    5   -5   1.661963  -158.034023   -27.741568       160.45   55.27309    0.09661    4     1     1
   1    3  -10   1.661553     8.038915     6.060218      10.0673   55.28789    0.00038    4     1     1
   6    2  -11   1.659593  -789.580942  -115.783015      798.025   55.35878    2.38137    4     1     1
   1    7   -4   1.659399  -172.757334   -35.985609      176.465   55.36579    0.11641    4     1     1
  10    2    2   1.658425    84.325908     8.441878      84.7474   55.40110    0.02681    4     1     1
  12    2   -4   1.656688   125.845327    18.653944       127.22   55.46422    0.06026    4     1     1
  12    2   -5   1.654579  -520.811981   -72.260942      525.801   55.54103    1.02611    4     1     1
   6    6   -6   1.654199  -112.003216   -15.404561      113.058   55.55487    0.04741    4     1     1
  10    0  -10   1.652023   586.569585    84.332195      592.601   55.63438    0.64922    2     1     1
   3    7   -4   1.651816   -73.272448   -10.490487      74.0196   55.64197    0.02025    4     1     1
   0    4    9   1.651264  -132.107436   -25.683558      134.581   55.66220    0.06689    4     1     1
   8    4    3   1.650265    -3.705459     2.895208      4.70241   55.69881    0.00008    4     1     1
   4    6    4   1.649352   125.540613    14.672512      126.395   55.73234    0.05883    4     1     1
   9    1    4   1.648291    60.038606    12.886510       61.406   55.77132    0.01386    4     1     1
   9    5   -1   1.646235  -138.046412   -17.397544      139.138   55.84706    0.07096    4     1     1
   5    3    7   1.645466   644.524674   109.713444      653.796   55.87547    1.56501    4     1     1
  12    2   -3   1.644183   158.967939    18.497066       160.04   55.92289    0.09360    4     1     1
   3    7    2   1.644039  -162.730339   -22.804173       164.32   55.92819    0.09865    4     1     1
   2    6   -7   1.642420   159.694425    10.570908      160.044   55.98817    0.09335    4     1     1
   4    6   -7   1.641759  -192.966417   -23.830787      194.432   56.01271    0.13764    4     1     1
  11    1    1   1.640785   423.608521    71.035106      429.523   56.04891    0.67074    4     1     1
  11    3   -1   1.640702    -8.732914    -0.476199      8.74589   56.05197    0.00028    4     1     1
   5    5    5   1.640343   -86.568641   -15.778451      87.9948   56.06534    0.02813    4     1     1
  11    3   -7   1.640167   845.247605   144.670556      857.539   56.07187    2.67106    4     1     1
  11    1   -9   1.639893   -80.345774    -2.255784      80.3774   56.08208    0.02346    4     1     1
  12    2   -6   1.638021   -10.978149    -4.743023      11.9589   56.15184    0.00052    4     1     1
   4    4    7   1.636772     9.165404     0.107371      9.16603   56.19848    0.00030    4     1     1
   7    5   -8   1.635361   278.372727    52.568026      283.293   56.25129    0.28940    4     1     1
   8    4   -9   1.633806  -140.740476   -19.017355       142.02   56.30960    0.07256    4     1     1
   6    6    2   1.633615    39.586046    14.017080      41.9944   56.31676    0.00634    4     1     1
  10    4   -7   1.632206   208.343143    33.259936      210.981   56.36971    0.15975    4     1     1
   9    3    3   1.630757  -266.977192   -40.734170      270.067   56.42428    0.26118    4     1     1
   1    1  -11   1.630523   217.617530    41.781490      221.592   56.43312    0.17578    4     1     1
   9    5   -6   1.629662  -144.798435   -17.618799      145.866   56.46560    0.07607    4     1     1
   5    7   -2   1.629386  -114.311625   -25.170974       117.05   56.47601    0.04896    4     1     1
   7    5    3   1.628918   -65.403205   -20.679759      68.5947   56.49368    0.01680    4     1     1
   5    1    8   1.626672    63.798727     6.275551      64.1066   56.57873    0.01463    4     1     1
   2    2  -11   1.626513  -345.847131   -31.032877      347.237   56.58474    0.42900    4     1     1
   4    4  -10   1.625346   551.642223    83.405616      557.912   56.62905    1.10553    4     1     1
   5    7   -1   1.624976  -441.578039   -64.587545      446.277   56.64311    0.70698    4     1     1
   8    2    5   1.624347   937.010059   154.556310      949.671   56.66702    3.19836    4     1     1
  12    0   -8   1.619925  -413.029496   -99.480618      424.841   56.83575    0.31789    2     1     1
   5    7   -3   1.619856   163.617112    30.224944      166.385   56.83839    0.09751    4     1     1
  10    4    0   1.619442   635.686569   100.322135      643.554   56.85424    1.45783    4     1     1
  12    2   -2   1.618028   -50.751194    -9.282224      51.5931   56.90847    0.00935    4     1     1
   1    7    4   1.617923   310.239924    48.780840      314.052   56.91248    0.34636    4     1     1
   2    0   10   1.616105   889.885158   164.390267      904.942   56.98236    1.43396    2     1     1
   8    6   -3   1.614194   325.401251    74.172084      333.748   57.05602    0.38895    4     1     1
   6    2    7   1.613896   221.545283    22.699445      222.705   57.06751    0.17311    4     1     1
   8    6   -2   1.608698  -101.032078   -30.991594      105.679   57.26893    0.03867    4     1     1
   3    5   -9   1.608596   224.440707    39.788620       227.94   57.27287    0.17987    4     1     1
  12    2   -7   1.608274   622.380498   103.200180      630.879   57.28543    1.37722    4     1     1
   6    4  -10   1.607699  -371.217873   -63.480701      376.607   57.30781    0.49035    4     1     1
   9    5    0   1.607558   141.704444    25.920332      144.056   57.31331    0.07173    4     1     1
   5    7    0   1.606958  -128.411051   -18.787781      129.778   57.33669    0.05816    4     1     1
   8    6   -4   1.606124    58.272269     9.047154      58.9704   57.36920    0.01199    4     1     1
   5    5   -9   1.604512   253.459150    52.900825      258.921   57.43220    0.23064    4     1     1
   3    7   -5   1.604066   127.833370    20.621222      129.486   57.44969    0.05764    4     1     1
   8    2  -11   1.603510   298.631984    36.954446       300.91   57.47146    0.31103    4     1     1
   2    6    6   1.601703   -32.319407    -4.262927      32.5993   57.54234    0.00364    4     1     1
   1    7   -5   1.601241   305.343710    49.038600      309.256   57.56050    0.32738    4     1     1
   9    1  -11   1.599844  -519.691533   -90.045265      527.435   57.61548    0.95019    4     1     1
   5    3  -11   1.599405  -326.336105   -54.131190      330.795   57.63278    0.37351    4     1     1
   1    5    8   1.598051  -440.744325   -96.165181      451.113   57.68617    0.69317    4     1     1
   5    7   -4   1.597100   -91.007384   -15.866134      92.3801   57.72379    0.02903    4     1     1
  10    2  -10   1.596460    44.775129    12.722898      46.5477   57.74908    0.00736    4     1     1
   2    4  -10   1.596413  -585.601615   -93.886656       593.08   57.75093    1.19508    4     1     1
   0    6    7   1.595952   755.309820   124.679303      765.531   57.76922    1.98969    4     1     1
   3    7    3   1.594588   195.956155    28.502308      198.018   57.82330    0.13285    4     1     1
   6    6   -7   1.594133   882.723721   158.591537      896.857   57.84135    2.72322    4     1     1
  11    3    0   1.592793  -638.947812  -122.318299      650.551   57.89464    1.42987    4     1     1
  11    3   -8   1.592140   481.812709    92.700952       490.65   57.92062    0.81253    4     1     1
   8    6   -1   1.590045   805.127940   146.776860      818.397   58.00421    2.25325    4     1     1
   9    3  -10   1.589824  -251.204069   -40.243469      254.407   58.01304    0.21767    4     1     1
   3    5    7   1.589649   472.065764    76.729574      478.261   58.02002    0.76903    4     1     1
   9    5   -7   1.586061   273.582030    51.386463      278.366   58.16383    0.25907    4     1     1
   6    0  -12   1.585808 -1410.041863  -268.754292      1435.43   58.17401    3.44310    2     1     1
   8    6   -5   1.585086   244.028846    34.557318      246.464   58.20302    0.20278    4     1     1
   3    3  -11   1.584360  -386.588511   -65.239038      392.055   58.23225    0.51254    4     1     1
   4    0  -12   1.583671  1518.816215   253.940014       1539.9   58.26002    3.94936    2     1     1
  12    0    0   1.581910  1136.975564   187.229492      1152.29   58.33111    2.20532    2     1     1
  10    4   -8   1.580184    76.980974     0.857992      76.9858   58.40101    0.01963    4     1     1
  12    2   -1   1.580117 -1276.318316  -241.967098      1299.05   58.40371    5.59003    4     1     1
   5    1  -12   1.577403   -48.209984   -22.451722      53.1816   58.51396    0.00933    4     1     1
   5    7    1   1.576647   117.982531    18.914078      119.489   58.54473    0.04704    4     1     1
  10    2    3   1.574479   386.067069    60.750053      390.818   58.63321    0.50150    4     1     1
  13    1   -5   1.574446   425.446084    73.344201      431.722   58.63454    0.61194    4     1     1
  13    1   -4   1.571667   100.964334    19.995829      102.925   58.74836    0.03463    4     1     1
   6    6    3   1.571174   165.664000    42.394537      171.003   58.76859    0.09552    4     1     1
   6    4    6   1.570519  -763.252646  -130.584411      774.343   58.79550    1.95655    4     1     1
   7    3  -11   1.570075   451.517222    91.488890      460.693   58.81375    0.69206    4     1     1
   4    6    5   1.568940  -358.053966   -57.293378      362.609   58.86049    0.42798    4     1     1
   1    5   -9   1.568077    70.834237     9.429587      71.4591   58.89609    0.01660    4     1     1
  12    2   -8   1.567437  -174.024314   -28.952071      176.416   58.92248    0.10106    4     1     1
  11    1    2   1.567259    27.575781     3.586613       27.808   58.92984    0.00251    4     1     1
  11    1  -10   1.566327     4.034398     6.221637       7.4152   58.96838    0.00018    4     1     1
   8    0    6   1.566287  -558.215783   -92.058896      565.756   58.97004    0.51875    2     1     1
  10    4    1   1.565328   -78.005934   -25.774061      82.1537   59.00973    0.02184    4     1     1
  13    1   -6   1.564654   191.356926    27.404512      193.309   59.03765    0.12081    4     1     1
   8    4    4   1.564078   -78.922001   -12.080865      79.8413   59.06157    0.02059    4     1     1
   2    2   10   1.563976   -26.343337     0.599069      26.3501   59.06579    0.00224    4     1     1
   1    3   10   1.562948  -100.207242   -15.094137      101.338   59.10849    0.03311    4     1     1
   5    7   -5   1.562737  -257.438072   -46.500121      261.604   59.11725    0.22059    4     1     1
   3    3    9   1.561815   594.046702   105.851375      603.404   59.15565    1.17187    4     1     1
   7    3    6   1.561286   268.335850    47.021778      272.425   59.17766    0.23867    4     1     1
   4    6   -8   1.561220   146.788556    23.030590      148.584   59.18042    0.07099    4     1     1
   8    6    0   1.559564    34.908139     7.777459       35.764   59.24954    0.00410    4     1     1
   9    5    1   1.559035   521.744522    91.901217      529.777   59.27163    0.89937    4     1     1
   7    1  -12   1.558086   219.637007    30.753729       221.78   59.31134    0.15738    4     1     1
   7    5   -9   1.556806   120.131156    27.810336      123.308   59.36498    0.04855    4     1     1
  13    1   -3   1.556514  -219.214379   -25.749894      220.722   59.37725    0.15549    4     1     1
   1    7    5   1.554940   171.036437    38.871923      175.398   59.44340    0.09795    4     1     1
   3    1  -12   1.554041    48.190669    -5.369521      48.4889   59.48123    0.00747    4     1     1
   2    6   -8   1.552885    21.683781     2.698599      21.8511   59.52997    0.00152    4     1     1
   8    6   -6   1.552560     5.339305     8.185492      9.77294   59.54370    0.00030    4     1     1
   0    8    0   1.551962   792.959524   114.891372       801.24   59.56895    1.01713    2     1     1
   7    5    4   1.550241  -139.471034   -26.948843      142.051   59.64180    0.06376    4     1     1
   7    1    7   1.548495  -413.557005   -75.019420      420.306   59.71587    0.55669    4     1     1
   3    7   -6   1.548045    58.904548    15.565251      60.9264   59.73499    0.01169    4     1     1
   8    4  -10   1.547741   272.699904    34.494387      274.873   59.74791    0.23781    4     1     1
   4    2    9   1.546416  -169.501716   -45.760830       175.57   59.80432    0.09682    4     1     1
   0    8    1   1.545930   163.143548    22.411137      164.676   59.82502    0.08511    4     1     1
   9    1    5   1.545789  -526.186778   -85.588262      533.102   59.83105    0.89172    4     1     1
   0    2   11   1.545327  -628.124622  -123.565475      640.163   59.85075    1.28490    4     1     1
   8    0  -12   1.545288   574.106918    91.635347      581.374   59.85242    0.52984    2     1     1
   5    5    6   1.544610  -277.315483   -41.728387      280.437   59.88140    0.24630    4     1     1
   9    3    4   1.543090   428.126757    73.781316      434.438   59.94640    0.58965    4     1     1
  13    1   -7   1.542978  -390.598372   -64.768449      395.932   59.95122    0.48966    4     1     1
   2    4    9   1.542521    94.120020    13.546752      95.0899   59.97078    0.02822    4     1     1
   6    0    8   1.541535   751.269381   168.139241      769.855   60.01310    0.92351    2     1     1
   2    0  -12   1.539380  -569.745994  -113.309674      580.904   60.10575    0.52401    2     1     1
   3    7    4   1.537412  -102.147039   -23.534121      104.823   60.19066    0.03402    4     1     1
  11    3    1   1.536926   -20.481518   -21.654870      29.8065   60.21164    0.00275    4     1     1
   1    7   -6   1.536876   118.214317    25.166991      120.864   60.21379    0.04519    4     1     1
   6    2  -12   1.536468   121.225372    16.680888      122.368   60.23145    0.04629    4     1     1
  10    0    4   1.536210  -520.772592   -99.042762      530.107   60.24263    0.43416    2     1     1
  11    3   -9   1.536193  -477.007974   -74.014503      482.716   60.24334    0.71998    4     1     1
   5    7    2   1.536086     8.930402     1.438791      9.04556   60.24799    0.00025    4     1     1
   4    2  -12   1.534525   138.072906    22.820823      139.946   60.31564    0.06035    4     1     1
   2    8   -1   1.534267    -4.145230    12.285146      12.9656   60.32681    0.00052    4     1     1
   9    5   -8   1.533929  -245.215921   -63.325653      253.261   60.34150    0.19747    4     1     1
  12    2    0   1.532923    30.639201     4.235979      30.9306   60.38524    0.00294    4     1     1
   2    8    0   1.531623 -1331.687855  -246.250646      1354.26   60.44183    5.62541    4     1     1
   3    1   10   1.530667  -153.717658   -10.718651      154.091   60.48352    0.07272    4     1     1
  13    1   -2   1.530030   271.551853    54.282742      276.924   60.51135    0.23461    4     1     1
   1    1   11   1.528549   257.446637    38.980476      260.381   60.57611    0.20693    4     1     1
   1    3  -11   1.528482   -92.381740   -17.867207      94.0937   60.57903    0.02702    4     1     1
   6    6   -8   1.528443   -92.561307   -18.781038      94.4475   60.58073    0.02722    4     1     1
   0    8    2   1.528248  -131.185491    -8.313699      131.449   60.58931    0.05271    4     1     1
   0    4   10   1.527782   584.316548    92.652233      591.617   60.60973    1.06694    4     1     1
   5    3    8   1.525309  -280.996937   -55.315565       286.39   60.71834    0.24902    4     1     1
   2    8   -2   1.525274   230.140792    32.294985      232.396   60.71987    0.16397    4     1     1
   4    4    8   1.522519    86.808889    26.922649      90.8879   60.84136    0.02497    4     1     1
  10    4   -9   1.521278  -110.491689   -10.516243      110.991   60.89624    0.03716    4     1     1
   8    6    1   1.519258  -933.115601  -164.620639      947.526   60.98585    2.69934    4     1     1
   5    7   -6   1.518994    -7.579900    -3.238261      8.24265   60.99755    0.00020    4     1     1
   7    7   -3   1.518703   -64.333101   -15.789996      66.2425   61.01052    0.01318    4     1     1
   8    2    6   1.518693     3.948625    -2.853236      4.87161   61.01095    0.00007    4     1     1
   7    7   -2   1.518231   263.651555    57.359488      269.819   61.03149    0.21852    4     1     1
  12    2   -9   1.518075   -59.062305     9.853925      59.8787   61.03842    0.01076    4     1     1
   2    8    1   1.517518   -41.128729    -6.723908      41.6747   61.06322    0.00521    4     1     1
   2    6    7   1.513222  -225.445169   -24.663894       226.79   61.25520    0.15313    4     1     1
  10    2  -11   1.512794  -861.329158  -163.592671      876.727   61.27442    2.28690    4     1     1
   4    4  -11   1.512237    59.469346    14.786324        61.28   61.29940    0.01116    4     1     1
  13    1   -8   1.510856    77.943245    23.578898      81.4317   61.36147    0.01967    4     1     1
   8    6   -7   1.510641  -656.039074   -93.382341      662.652   61.37117    1.30187    4     1     1
   5    5  -10   1.510435   115.158776    17.029017      116.411   61.38043    0.04016    4     1     1
   7    7   -4   1.507919    46.215340     4.588083      46.4425   61.49393    0.00637    4     1     1
   7    7   -1   1.506536   436.302428    88.849423      445.257   61.55654    0.58386    4     1     1
   6    4  -11   1.505980   109.465765    25.349768      112.363   61.58172    0.03715    4     1     1
   3    5  -10   1.505728  -404.735806   -85.177680      413.602   61.59315    0.50313    4     1     1
   0    6    8   1.505328    75.746902     8.900699      76.2681   61.61132    0.01710    4     1     1
   2    8   -3   1.505242  -204.944727   -31.479377      207.348   61.61523    0.12635    4     1     1
  12    0  -10   1.505219   107.341428    38.017365      113.875   61.61623    0.01905    2     1     1
  10    4    2   1.505107   206.105388    73.323049      218.759   61.62132    0.14061    4     1     1
   6    6    4   1.504214   -42.962812   -15.008734       45.509   61.66193    0.00608    4     1     1
  12    4   -4   1.503808   227.225026    59.492173      234.884   61.68038    0.16176    4     1     1
   9    5    2   1.503501   215.430889    68.411145      226.032   61.69436    0.14972    4     1     1
   9    3  -11   1.503124   -96.356457    -3.594021      96.4235   61.71151    0.02723    4     1     1
  12    4   -5   1.502230  -129.218366   -33.508180      133.492   61.75226    0.05211    4     1     1
   9    1  -12   1.500495   168.357909    26.777146      170.474   61.83149    0.08475    4     1     1
   0    8    3   1.500078  -159.864962   -30.408119      162.731   61.85056    0.07717    4     1     1
   8    2  -12   1.499528    -1.029680    -4.801181      4.91035   61.87574    0.00007    4     1     1
   5    1    9   1.499242  -285.821520   -47.314913      289.711   61.88888    0.24425    4     1     1
  11    5   -4   1.497073    78.086659    31.223027      84.0976   61.98841    0.02051    4     1     1
   6    2    8   1.496098    55.301635     7.343821      55.7871   62.03330    0.00901    4     1     1
  12    4   -3   1.494437    72.294330    20.504685      75.1459   62.10990    0.01630    4     1     1
   2    2  -12   1.494128    19.452149     1.508357      19.5105   62.12416    0.00110    4     1     1
  13    1   -1   1.493910   337.211194    58.444779      342.238   62.13423    0.33789    4     1     1
   1    1  -12   1.493294  -192.156232   -46.740688      197.759   62.16273    0.11271    4     1     1
   2    8    2   1.492877   867.808992   146.955714      880.164   62.18201    2.23101    4     1     1
   1    5    9   1.492167   520.796120    99.650098      530.244   62.21490    0.80876    4     1     1
  11    1    3   1.491909  -167.783504   -15.150137      168.466   62.22683    0.08160    4     1     1
  11    5   -3   1.491724  -223.211211   -47.766959      228.265   62.23544    0.14977    4     1     1
  11    5   -5   1.491590   311.615804    55.790686      316.571   62.24166    0.28800    4     1     1
  10    2    4   1.491228    21.540248     2.342147      21.6672   62.25842    0.00135    4     1     1
  11    1  -11   1.490971   496.135601    93.601442      504.888   62.27036    0.73182    4     1     1
  12    4   -6   1.489805   578.625727    97.087379      586.714   62.32454    0.98635    4     1     1
   4    6    6   1.488426   -36.447782    -1.364958      36.4733   62.38874    0.00380    4     1     1
   3    5    8   1.488241    80.391891    12.112411      81.2992   62.39738    0.01889    4     1     1
   1    7    6   1.487971    32.779133     0.125605      32.7794   62.40998    0.00307    4     1     1
   5    7    3   1.487697  -218.595542   -52.951737      224.918   62.42278    0.14445    4     1     1
   3    7   -7   1.486727  -183.886527   -31.487856      186.563   62.46806    0.09923    4     1     1
   7    7   -5   1.486581   143.491443    20.591024      144.961   62.47489    0.05989    4     1     1
   4    8   -1   1.485113  -171.898883   -15.102150      172.561   62.54360    0.08467    4     1     1
   4    8   -2   1.484606  -954.810542  -160.870098      968.268   62.56737    2.66347    4     1     1
   5    3  -12   1.484466   141.961195    29.003679      144.894   62.57394    0.05963    4     1     1
   7    7    0   1.484373   -38.458689    -8.995016      39.4966   62.57829    0.00443    4     1     1
  13    3   -5   1.482001  -117.933643   -37.107155      123.634   62.68981    0.04324    4     1     1
   2    4  -11   1.481131   -43.263207    -8.221729      44.0375   62.73078    0.00548    4     1     1
   4    6   -9   1.480823  -611.113306  -146.494480      628.427   62.74533    1.11494    4     1     1
  13    3   -4   1.479683   404.985165    70.631564      411.098   62.79920    0.47623    4     1     1
   8    4    5   1.479495    53.694256    10.046472       54.626   62.80806    0.00841    4     1     1
  12    2    1   1.479101  1008.090521   182.603288       1024.5   62.82668    2.95478    4     1     1
   7    5  -10   1.477989  -127.260563   -25.363652      129.763   62.87934    0.04732    4     1     1
   9    5   -9   1.476069  -367.614304   -68.056121      373.861   62.97050    0.39151    4     1     1
  11    3    2   1.476003   239.207121    40.992403      242.694   62.97367    0.16497    4     1     1
  11    5   -2   1.475883    -5.227012   -22.898651      23.4877   62.97936    0.00154    4     1     1
  11    5   -6   1.475623   433.367783    77.500668      440.243   62.99172    0.54249    4     1     1
   2    8   -4   1.475440     2.444222    14.817679      15.0179   63.00045    0.00063    4     1     1
   3    7    5   1.475437  -346.038883   -59.438873      351.107   63.00059    0.34494    4     1     1
  11    3  -10   1.475224  -257.900120   -47.939020      262.318   63.01073    0.19247    4     1     1
   4    8    0   1.475090  1243.706952   235.385407      1265.79   63.01711    4.48064    4     1     1
  12    4   -2   1.474715    74.139381    -8.648391      74.6421   63.03494    0.01557    4     1     1
  13    3   -6   1.473826  -627.806650  -125.982595      640.322   63.07734    1.14421    4     1     1
   4    8   -3   1.473600   104.846912    23.557035      107.461   63.08812    0.03221    4     1     1
   6    4    7   1.471585    24.132588     3.211092      24.3453   63.18447    0.00165    4     1     1
   7    5    5   1.471509  -287.427306   -50.293659      291.794   63.18813    0.23670    4     1     1
   8    6    2   1.471470  -135.617550   -13.868017      136.325   63.18996    0.05166    4     1     1
  10    0  -12   1.471061  -918.908473  -161.865151      933.056   63.20957    1.20921    2     1     1
  13    1   -9   1.470234  -173.410132   -36.312755      177.171   63.24927    0.08708    4     1     1
  14    0   -6   1.470002   890.175612   148.578888       902.49   63.26038    1.12929    2     1     1
   1    7   -7   1.469291   -14.883641    -4.481272      15.5436   63.29455    0.00067    4     1     1
   4    0   10   1.469119   -48.805256    18.337134      52.1364   63.30279    0.00376    2     1     1
   5    7   -7   1.468344   408.979406    91.042528       418.99   63.34009    0.48547    4     1     1
   7    3  -12   1.468333   260.043554    55.895727      265.983   63.34063    0.19564    4     1     1
  14    0   -4   1.468294  -141.672517   -27.204503      144.261   63.34253    0.02877    2     1     1
  12    4   -7   1.467319   -34.030561    -9.358362      35.2939   63.38948    0.00344    4     1     1
  13    3   -3   1.467017    61.672057    31.747694       69.364   63.40406    0.01328    4     1     1
   2    6   -9   1.466218   180.761085    48.874052      187.252   63.44263    0.09662    4     1     1
   3    3  -12   1.464946  -343.595701   -62.550115      349.243   63.50414    0.33539    4     1     1
   1    5  -10   1.464874   -56.974730   -13.605633      58.5767   63.50764    0.00943    4     1     1
   8    4  -11   1.463698     5.058550    11.544844      12.6045   63.56459    0.00044    4     1     1
   0    8    4   1.463136   585.873811   103.247498      594.902   63.59189    0.97023    4     1     1
  12    2  -10   1.462832   159.191494    30.422415      162.072   63.60664    0.07198    4     1     1
   0    0   12   1.462591  1489.442943   258.534194      1511.71   63.61837    3.12968    2     1     1
   8    6   -8   1.461698    62.191529     5.481460      62.4326   63.66180    0.01066    4     1     1
  10    6   -4   1.460678  -128.384990   -20.988799      130.089   63.71148    0.04620    4     1     1
   7    3    7   1.460297    59.366512    17.860217      61.9949   63.73004    0.01049    4     1     1
   6    6   -9   1.460048     1.113627    17.634043      17.6692   63.74221    0.00085    4     1     1
  12    0    2   1.459939    38.409920     7.382738       39.113   63.74750    0.00209    2     1     1
  10    6   -3   1.459357   575.365170    86.170395      581.782   63.77592    0.92207    4     1     1
   2    8    3   1.459206   154.604297    24.961947      156.606   63.78333    0.06680    4     1     1
  10    4  -10   1.458331  -162.147996     5.410333      162.238   63.82610    0.07158    4     1     1
   9    3    5   1.458027   -99.971329    -5.385231      100.116   63.84097    0.02725    4     1     1
   5    1  -13   1.456685   307.906834    52.260053       312.31   63.90676    0.26453    4     1     1
   7    7   -6   1.455999  -161.096624   -29.472104       163.77   63.94043    0.07266    4     1     1
  13    3   -7   1.455667  -137.945747   -17.849921      139.096   63.95673    0.05238    4     1     1
   4    8    1   1.455159    48.150184     5.835851      48.5026   63.98172    0.00636    4     1     1
   5    5    7   1.453814  -115.523398   -14.110294      116.382   64.04795    0.03656    4     1     1
   7    7    1   1.453097  -327.891120   -58.824081      333.126   64.08331    0.29917    4     1     1
   4    8   -4   1.452778   696.067396   123.262446      706.897   64.09906    1.34641    4     1     1
  10    6   -5   1.451962  -753.067899  -135.446762      765.152   64.13941    1.57531    4     1     1
  11    5   -1   1.450526   647.537302   114.898918      657.652   64.21051    1.16096    4     1     1
   9    1    6   1.450298   134.111431    17.093576      135.196   64.22182    0.04904    4     1     1
  13    1    0   1.450229  -633.679444  -109.478382      643.067   64.22520    1.10948    4     1     1
  11    5   -7   1.450156   -25.700820     4.050822      26.0181   64.22884    0.00182    4     1     1
   7    1  -13   1.448544   -49.992297   -16.768349      52.7296   64.30890    0.00744    4     1     1
  10    6   -2   1.448081   192.567759    26.275049      194.352   64.33193    0.10098    4     1     1
  12    4   -1   1.445842   -69.887288   -15.140880      71.5086   64.44358    0.01362    4     1     1
   3    3   10   1.445317  -396.043047   -94.178157      407.087   64.46981    0.44096    4     1     1
  13    3   -2   1.444780  -216.782671   -38.891687      220.244   64.49665    0.12896    4     1     1
   9    5    3   1.443640  -403.549388   -80.222480      411.446   64.55378    0.44919    4     1     1
   1    3   11   1.443533   215.619349    28.136759      217.447   64.55912    0.12544    4     1     1
  10    4    3   1.441518   -30.811088     2.694223      30.9287   64.66032    0.00253    4     1     1
   2    2   11   1.440805  1094.971048   198.813962      1112.87   64.69625    3.27055    4     1     1
   7    1    8   1.440022  -101.159754   -37.164021       107.77   64.73571    0.03063    4     1     1
   2    8   -5   1.437597   120.713929    15.950054      121.763   64.85825    0.03894    4     1     1
  12    4   -8   1.436109   -26.764295    13.612694      30.0272   64.93372    0.00236    4     1     1
   6    6    5   1.435445  1074.937893   199.209404      1093.24   64.96744    3.12778    4     1     1
  14    2   -5   1.434423   987.937060   185.836869      1005.26   65.01941    2.64007    4     1     1
   5    7    4   1.433942   223.176527    57.981848      230.585   65.04394    0.13879    4     1     1
  10    6   -6   1.433736   110.701414    19.779861      112.455   65.05444    0.03300    4     1     1
   2    4   10   1.433445  -389.372902   -61.330837      394.173   65.06926    0.40524    4     1     1
  14    0   -8   1.431992    32.939878    34.294509      47.5515   65.14344    0.00294    2     1     1
  10    2  -12   1.431420  -118.656223   -26.530686      121.586   65.17269    0.03843    4     1     1
   3    1  -13   1.431265   124.556303    17.863336      125.831   65.18062    0.04114    4     1     1
  14    2   -6   1.430444   112.505961    20.913598      114.433   65.22266    0.03398    4     1     1
   4    2   10   1.429631   -29.408943    -4.247078       29.714   65.26438    0.00229    4     1     1
  14    2   -4   1.428870    53.124703     4.429860      53.3091   65.30347    0.00735    4     1     1
  13    3   -8   1.428603    97.470084    13.056987      98.3407   65.31717    0.02502    4     1     1
   2    6    8   1.428395   -75.631073   -17.276544      77.5792   65.32788    0.01556    4     1     1
   6    2  -13   1.427681   744.309157   119.558671       753.85   65.36463    1.46783    4     1     1
  10    6   -1   1.427524 -1306.495285  -246.072725      1329.47   65.37274    4.56398    4     1     1
  14    0   -2   1.427269   255.026527    56.223590      261.151   65.38585    0.08801    2     1     1
   4    8    2   1.426498   -32.558880     8.262547      33.5909   65.42563    0.00291    4     1     1
   0    2   12   1.423613   -49.016170   -10.051260      50.0361   65.57484    0.00642    4     1     1
   4    8   -5   1.423360    -9.733312     0.746195      9.76187   65.58794    0.00024    4     1     1
  13    1  -10   1.423268   -71.106681   -32.856835      78.3309   65.59273    0.01573    4     1     1
   3    7   -8   1.422721  -176.844596   -37.326401      180.741   65.62113    0.08367    4     1     1
   8    2    7   1.421868  -647.835397  -123.982235      659.593   65.66546    1.11270    4     1     1
   5    5  -11   1.421753   156.817379    27.102818      159.142   65.67142    0.06476    4     1     1
  12    2    2   1.421167   109.358574    14.564989      110.324   65.70190    0.03109    4     1     1
   4    4    9   1.419889   -20.266003    -2.740503      20.4505   65.76854    0.00107    4     1     1
   9    3  -12   1.419835   196.641994    47.097599      202.204   65.77136    0.10421    4     1     1
   1    7    7   1.419591    44.632177     9.481860      45.6282   65.78407    0.00530    4     1     1
   0    8    5   1.419419    -6.551646     5.579676      8.60563   65.79305    0.00019    4     1     1
   4    2  -13   1.419333  -171.865336   -25.723351       173.78   65.79756    0.07691    4     1     1
   0    6    9   1.419201    11.608786    20.336871      23.4169   65.80443    0.00140    4     1     1
   0    4   11   1.419046   139.591251    22.253774      141.354   65.81255    0.05086    4     1     1
   5    3    9   1.418773  -445.566581   -80.130708      452.715   65.82684    0.52143    4     1     1
   8    6    3   1.418567   591.185182    92.440947      598.369   65.83757    0.91061    4     1     1
   2    8    4   1.418360  -888.220749  -150.706675      900.915   65.84841    2.06352    4     1     1
   7    7   -7   1.417885  -454.462958   -84.882041      462.322   65.87328    0.54297    4     1     1
  14    2   -7   1.417168  -966.415894  -187.729159      984.481   65.91086    2.45909    4     1     1
  11    1    4   1.417147   329.728237    63.058935      335.704   65.91196    0.28593    4     1     1
  11    5    0   1.417103   136.980946    25.633411      139.359   65.91427    0.04927    4     1     1
  11    5   -8   1.416643  -187.519995   -45.715651      193.012   65.93838    0.09444    4     1     1
  11    1  -12   1.416228   266.776019    44.607591       270.48   65.96018    0.18533    4     1     1
   9    5  -10   1.415010   540.967802   121.379448      554.418   66.02415    0.77704    4     1     1
   6    8   -2   1.414523    20.915525   -11.447793      23.8435   66.04981    0.00144    4     1     1
   7    7    2   1.414442    39.871724    15.109303      42.6385   66.05409    0.00459    4     1     1
  13    3   -1   1.414252   468.488198    89.168794      476.899   66.06409    0.57420    4     1     1
  14    2   -3   1.414110  -610.122146   -88.605158      616.522   66.07155    0.95940    4     1     1
   1    3  -12   1.413729  -243.652359   -44.415024      247.667   66.09166    0.15472    4     1     1
   5    7   -8   1.413192   317.611221    68.163540      324.843   66.11996    0.26593    4     1     1
  11    3    3   1.412554  -232.251857   -23.173448      233.405   66.15367    0.13714    4     1     1
   6    4  -12   1.412177   998.938932   195.233663      1017.84   66.17362    2.60635    4     1     1
  11    3  -11   1.411757   406.144307    77.137533      413.405   66.19578    0.42965    4     1     1
   6    8   -3   1.411577  -108.329739   -21.492526      110.441   66.20531    0.03065    4     1     1
   3    1   11   1.411311   -51.825917   -21.300865      56.0326   66.21940    0.00789    4     1     1
   3    7    6   1.411186   -62.975318   -10.228473      63.8006   66.22602    0.01022    4     1     1
   3    5  -11   1.411154  -369.551824   -84.019054      378.983   66.22772    0.36071    4     1     1
  10    2    5   1.410722 -1426.322840  -270.574539      1451.76   66.25063    5.28918    4     1     1
   4    4  -12   1.410667 -1193.721399  -215.641723      1213.04   66.25352    3.69242    4     1     1
   4    6    7   1.409970   286.916366    32.172558      288.715   66.29052    0.20892    4     1     1
  12    4    0   1.409422  -435.693472   -74.034870      441.939   66.31958    0.48906    4     1     1
   9    1  -13   1.408460   277.527326    47.184150       281.51   66.37076    0.19811    4     1     1
   6    8   -1   1.408330    18.881808    10.543405      21.6261   66.37764    0.00117    4     1     1
   8    6   -9   1.408072   125.572042     7.120114      125.774   66.39139    0.03952    4     1     1
   1    1   12   1.407167   204.409010    43.106260      208.905   66.43964    0.10886    4     1     1
  10    6   -7   1.407048   567.407757    96.861523      575.616   66.44599    0.82632    4     1     1
   8    2  -13   1.404384  -162.465947   -28.237877      164.902   66.58840    0.06751    4     1     1
  12    2  -11   1.404138   882.504096   164.474593        897.7   66.60160    1.99980    4     1     1
   9    7   -3   1.402725   362.332942    59.248925      367.145   66.67742    0.33370    4     1     1
   4    6  -10   1.402646    60.578931    11.026723      61.5743   66.68169    0.00938    4     1     1
  13    1    1   1.401153    26.876510     6.364724      27.6199   66.76203    0.00188    4     1     1
   7    5  -11   1.401033  -170.399014   -27.979120      172.681   66.76851    0.07361    4     1     1
   1    7   -8   1.400892    68.175734     4.144260      68.3016   66.77608    0.01151    4     1     1
   9    7   -4   1.400648    79.663285    23.523144      83.0637   66.78926    0.01702    4     1     1
   6    8   -4   1.399663  -414.615893   -58.734907      418.755   66.84242    0.43185    4     1     1
  10    6    0   1.398846    51.242161    10.713520      52.3502   66.88659    0.00674    4     1     1
   8    4    6   1.398339   568.919889    98.409909      577.368   66.91406    0.81909    4     1     1
  12    4   -9   1.397856   164.306480    37.691728      168.574   66.94018    0.06977    4     1     1
   1    5   10   1.395961   248.649339    48.697726      253.373   67.04305    0.15710    4     1     1
   9    7   -2   1.395897  -165.500258   -43.004278      170.996   67.04654    0.07155    4     1     1
  14    2   -8   1.395350   -80.486666   -18.638298      82.6165   67.07634    0.01669    4     1     1
   3    5    9   1.395154     3.144528     4.075232      5.14739   67.08700    0.00006    4     1     1
   7    5    6   1.394777  -154.033738   -33.672273      157.671   67.10752    0.06071    4     1     1
  13    3   -9   1.394115   -73.807838   -13.540957      75.0397   67.14363    0.01374    4     1     1
  10    4  -11   1.393729  -205.697217   -38.703723      209.307   67.16466    0.10680    4     1     1
   2    8   -6   1.393653   791.487453   132.978019      802.581   67.16881    1.57008    4     1     1
   6    8    0   1.393353  -314.389695   -48.379927       318.09   67.18521    0.24650    4     1     1
   6    2    9   1.391984   128.090540    41.397110      134.614   67.26008    0.04404    4     1     1
   6    6  -10   1.391257    61.163244    11.392525      62.2152   67.29993    0.00940    4     1     1
  14    2   -2   1.390979  -150.836905   -29.194985      153.636   67.31518    0.05727    4     1     1
   4    8    3   1.390652   -59.862211   -22.063889      63.7989   67.33312    0.00987    4     1     1
   9    7   -5   1.389782  -209.154358   -45.302636      214.004   67.38087    0.11090    4     1     1
   5    1   10   1.388941   -21.694371   -10.052637      23.9103   67.42713    0.00138    4     1     1
   4    8   -6   1.386917  -998.144763  -182.356289      1014.67   67.53876    2.48074    4     1     1
   2    6  -10   1.383924   -44.911209   -15.214249      47.4182   67.70457    0.00539    4     1     1
   8    4  -12   1.383336 -1033.520131  -183.069488      1049.61   67.73727    2.63829    4     1     1
   5    3  -13   1.382547    69.340677     4.346103      69.4767   67.78112    0.01154    4     1     1
   9    5    4   1.381758  -110.697499   -36.326762      116.506   67.82509    0.03242    4     1     1
   2    2  -13   1.380936    39.745333   -17.505929      43.4298   67.87097    0.00450    4     1     1
   6    4    8   1.380641  -160.948145   -58.415244      171.221   67.88745    0.06988    4     1     1
   9    7   -1   1.380546  -612.712470  -114.087519      623.244   67.89274    0.92577    4     1     1
   6    8   -5   1.379444     0.868307    -2.485298      2.63262   67.95437    0.00002    4     1     1
   2    4  -12   1.379092  1071.715085   211.240487      1092.34   67.97408    2.83673    4     1     1
  11    5    1   1.377327  -536.741594  -100.484640      546.067   68.07313    0.70677    4     1     1
   1    1  -13   1.377188  -296.026237   -62.732595        302.6   68.08093    0.21698    4     1     1
   9    3    6   1.377083  -435.332611   -85.069436      443.567   68.08684    0.46615    4     1     1
   5    7    5   1.377066   494.066011   100.045461      504.094   68.08782    0.60203    4     1     1
  13    3    0   1.377025   287.770575    34.998825      289.891   68.09013    0.19908    4     1     1
  10    4    4   1.376811    67.109270     0.776124      67.1138   68.10212    0.01067    4     1     1
  11    5   -9   1.376799  -148.178601   -45.338015      154.959   68.10279    0.05686    4     1     1
  12    0  -12   1.376686  1064.200818   188.232048      1080.72   68.10916    1.38264    2     1     1
   1    9    0   1.375894   224.523623    37.064487      227.562   68.15377    0.12244    4     1     1
   7    3  -13   1.375581  -512.831124  -116.116738      525.813   68.17137    0.65336    4     1     1
   1    9   -1   1.374737   -92.118547    -8.506369      92.5105   68.21898    0.02019    4     1     1
   7    7   -8   1.374114   -88.205909   -27.076913      92.2683   68.25420    0.02007    4     1     1
  10    6   -8   1.373311  -141.532507   -35.930489      146.022   68.29964    0.05019    4     1     1
   2    8    5   1.372296   -94.137389    -9.244198      94.5902   68.35714    0.02102    4     1     1
  13    1  -11   1.372071   -95.660810   -21.079612      97.9558   68.36990    0.02254    4     1     1
   1    5  -11   1.371240  -239.368578   -40.982236      242.852   68.41705    0.13833    4     1     1
   0    8    6   1.370958 -1438.874847  -286.418104       1467.1   68.43305    5.04615    4     1     1
   9    7   -6   1.370728    29.185469    -3.298224      29.3712   68.44615    0.00202    4     1     1
   6    8    1   1.370411   -14.952931    -0.939906      14.9824   68.46417    0.00053    4     1     1
   7    7    3   1.370286   452.539153    74.054438      458.558   68.47132    0.49241    4     1     1
